local folder=Instance.new('Folder')
folder.Name='Generated'
folder.Parent=workspace
local objs={}
objs[1]=Instance.new("ObjectValue")
objs[1].Parent=folder
objs[1].Name="AnimSaves"
objs[1].Archivable=true
objs[2]=Instance.new("KeyframeSequence")
objs[2].Parent=objs[1]
objs[2].Name="IntroAnim"
objs[2].Loop=true
objs[2].Priority=Enum.AnimationPriority.Action
objs[2].Archivable=true
objs[3]=Instance.new("Keyframe")
objs[3].Parent=objs[2]
objs[3].Name="Keyframe"
objs[3].Time=0
objs[3].Archivable=true
objs[4]=Instance.new("Pose")
objs[4].Parent=objs[3]
objs[4].Name="HumanoidRootPart"
objs[4].CFrame=CFrame.new(0,0,0,1,0,0,0,1,0,0,0,1)
objs[4].Weight=1
objs[4].EasingDirection=Enum.PoseEasingDirection.In
objs[4].EasingStyle=Enum.PoseEasingStyle.Linear
objs[4].Archivable=true
objs[5]=Instance.new("Pose")
objs[5].Parent=objs[4]
objs[5].Name="Torso"
objs[5].CFrame=CFrame.new(-0.07769231498241425,-0.5599547624588013,-0.8027865886688232,0.9999601244926453,0.005465204361826181,0.007064389996230602,-0.0013912883587181568,0.876596987247467,-0.4812232255935669,-0.008822605945169926,0.4811941981315613,0.8765696287155151)
objs[5].Weight=1
objs[5].EasingDirection=Enum.PoseEasingDirection.Out
objs[5].EasingStyle=Enum.PoseEasingStyle.Linear
objs[5].Archivable=true
objs[6]=Instance.new("Pose")
objs[6].Parent=objs[5]
objs[6].Name="Right Arm"
objs[6].CFrame=CFrame.new(0.11336790770292282,-0.01203221082687378,-0.21989327669143677,0.8474634885787964,-0.3751803934574127,-0.37556004524230957,0.3599085509777069,0.9261151552200317,-0.11303360760211945,0.39021986722946167,-0.03937540575861931,0.9198793768882751)
objs[6].Weight=1
objs[6].EasingDirection=Enum.PoseEasingDirection.Out
objs[6].EasingStyle=Enum.PoseEasingStyle.Linear
objs[6].Archivable=true
objs[7]=Instance.new("Pose")
objs[7].Parent=objs[5]
objs[7].Name="Left Arm"
objs[7].CFrame=CFrame.new(-0.19114691019058228,-0.03294333815574646,-0.22818505764007568,0.8149570822715759,0.3828141987323761,0.43508419394493103,-0.36451324820518494,0.9222624897956848,-0.1286935806274414,-0.4505275785923004,-0.05371418967843056,0.8911451697349548)
objs[7].Weight=1
objs[7].EasingDirection=Enum.PoseEasingDirection.Out
objs[7].EasingStyle=Enum.PoseEasingStyle.Linear
objs[7].Archivable=true
objs[8]=Instance.new("Pose")
objs[8].Parent=objs[5]
objs[8].Name="Right Leg"
objs[8].CFrame=CFrame.new(0.7800574898719788,0.8835922479629517,0.2279261350631714,0.9967982172966003,0.07995244860649109,0.0009504202171228826,-0.07993344962596893,0.9961254000663757,0.03667202591896057,0.0019852803088724613,-0.036630578339099884,0.9993268847465515)
objs[8].Weight=1
objs[8].EasingDirection=Enum.PoseEasingDirection.Out
objs[8].EasingStyle=Enum.PoseEasingStyle.Linear
objs[8].Archivable=true
objs[9]=Instance.new("Pose")
objs[9].Parent=objs[5]
objs[9].Name="Left Leg"
objs[9].CFrame=CFrame.new(-0.6298639178276062,0.917614758014679,0.22699415683746338,0.9990190267562866,-0.0021511714439839125,0.044230226427316666,-0.0002532529761083424,0.9985255002975464,0.0542842373251915,-0.04428178444504738,-0.05424218624830246,0.9975454211235046)
objs[9].Weight=1
objs[9].EasingDirection=Enum.PoseEasingDirection.Out
objs[9].EasingStyle=Enum.PoseEasingStyle.Linear
objs[9].Archivable=true
objs[10]=Instance.new("Pose")
objs[10].Parent=objs[5]
objs[10].Name="Head"
objs[10].CFrame=CFrame.new(1.1292286217212677e-08,1.1920928955078125e-07,-2.1021696738898754e-07,0.9996962547302246,0.0004380336031317711,-0.0246412493288517,-0.018258124589920044,0.6847381591796875,-0.7285604476928711,0.016553670167922974,0.7287890911102295,0.6845381259918213)
objs[10].Weight=1
objs[10].EasingDirection=Enum.PoseEasingDirection.Out
objs[10].EasingStyle=Enum.PoseEasingStyle.Linear
objs[10].Archivable=true
objs[11]=Instance.new("Pose")
objs[11].Parent=objs[5]
objs[11].Name="RightUpperArm"
objs[11].CFrame=CFrame.new(-0.23025155067443848,-0.03146791458129883,-0.014686739072203636,0.9198793768882751,-0.03937540575861931,-0.39021986722946167,-0.11303360760211945,0.9261151552200317,-0.3599085509777069,0.37556004524230957,0.3751803934574127,0.8474634885787964)
objs[11].Weight=1
objs[11].EasingDirection=Enum.PoseEasingDirection.Out
objs[11].EasingStyle=Enum.PoseEasingStyle.Linear
objs[11].Archivable=true
objs[12]=Instance.new("Pose")
objs[12].Parent=objs[5]
objs[12].Name="LeftUpperArm"
objs[12].CFrame=CFrame.new(0.24231219291687012,-0.053391337394714355,-0.09045930951833725,0.8911451697349548,0.05371418967843056,0.4505275785923004,0.1286935806274414,0.9222624897956848,-0.36451324820518494,-0.43508419394493103,0.3828141987323761,0.8149570822715759)
objs[12].Weight=1
objs[12].EasingDirection=Enum.PoseEasingDirection.Out
objs[12].EasingStyle=Enum.PoseEasingStyle.Linear
objs[12].Archivable=true
objs[13]=Instance.new("Pose")
objs[13].Parent=objs[5]
objs[13].Name="LeftHand"
objs[13].CFrame=CFrame.new(0.0004999935626983643,0.00010001659393310547,-3.725290298461914e-08,1,0,0,0,1,0,0,0,1)
objs[13].Weight=1
objs[13].EasingDirection=Enum.PoseEasingDirection.Out
objs[13].EasingStyle=Enum.PoseEasingStyle.Linear
objs[13].Archivable=true
objs[14]=Instance.new("Keyframe")
objs[14].Parent=objs[2]
objs[14].Name="Keyframe"
objs[14].Time=0.05000000074505806
objs[14].Archivable=true
objs[15]=Instance.new("Pose")
objs[15].Parent=objs[14]
objs[15].Name="HumanoidRootPart"
objs[15].CFrame=CFrame.new(0,0,0,1,0,0,0,1,0,0,0,1)
objs[15].Weight=1
objs[15].EasingDirection=Enum.PoseEasingDirection.In
objs[15].EasingStyle=Enum.PoseEasingStyle.Linear
objs[15].Archivable=true
objs[16]=Instance.new("Pose")
objs[16].Parent=objs[15]
objs[16].Name="Torso"
objs[16].CFrame=CFrame.new(-0.0683499127626419,-0.6068024635314941,-0.7679071426391602,0.9974398612976074,-0.06959151476621628,0.016453567892313004,0.06125252693891525,0.7127048373222351,-0.6987846493721008,0.03690294548869133,0.6980034708976746,0.7151428461074829)
objs[16].Weight=1
objs[16].EasingDirection=Enum.PoseEasingDirection.Out
objs[16].EasingStyle=Enum.PoseEasingStyle.Linear
objs[16].Archivable=true
objs[17]=Instance.new("Pose")
objs[17].Parent=objs[16]
objs[17].Name="Right Arm"
objs[17].CFrame=CFrame.new(0.16582244634628296,0.07307511568069458,-0.2106715440750122,0.6850590109825134,-0.6450871825218201,-0.33846208453178406,0.6191557049751282,0.7603956460952759,-0.19607305526733398,0.3838493525981903,-0.07523911446332932,0.9203253388404846)
objs[17].Weight=1
objs[17].EasingDirection=Enum.PoseEasingDirection.Out
objs[17].EasingStyle=Enum.PoseEasingStyle.Linear
objs[17].Archivable=true
objs[18]=Instance.new("Pose")
objs[18].Parent=objs[16]
objs[18].Name="Left Arm"
objs[18].CFrame=CFrame.new(-0.19478775560855865,0.04500126838684082,-0.2500811815261841,0.7127035856246948,0.6274205446243286,0.3136833608150482,-0.592920184135437,0.7777844667434692,-0.2085595279932022,-0.37483254075050354,-0.03734801709651947,0.9263399839401245)
objs[18].Weight=1
objs[18].EasingDirection=Enum.PoseEasingDirection.Out
objs[18].EasingStyle=Enum.PoseEasingStyle.Linear
objs[18].Archivable=true
objs[19]=Instance.new("Pose")
objs[19].Parent=objs[16]
objs[19].Name="Right Leg"
objs[19].CFrame=CFrame.new(0.5948845744132996,1.0138520002365112,0.2613586187362671,0.9682408571243286,-0.23237629234790802,-0.09225476533174515,0.2365875095129013,0.9708847999572754,0.03753812611103058,0.08084578067064285,-0.05817227065563202,0.9950276017189026)
objs[19].Weight=1
objs[19].EasingDirection=Enum.PoseEasingDirection.Out
objs[19].EasingStyle=Enum.PoseEasingStyle.Linear
objs[19].Archivable=true
objs[20]=Instance.new("Pose")
objs[20].Parent=objs[16]
objs[20].Name="Left Leg"
objs[20].CFrame=CFrame.new(-0.41525477170944214,0.9415573477745056,0.14447057247161865,0.9001793265342712,0.4354862570762634,-0.005374560132622719,-0.43424373865127563,0.8984180688858032,0.06540139019489288,0.03331001102924347,-0.056539107114076614,0.9978445768356323)
objs[20].Weight=1
objs[20].EasingDirection=Enum.PoseEasingDirection.Out
objs[20].EasingStyle=Enum.PoseEasingStyle.Linear
objs[20].Archivable=true
objs[21]=Instance.new("Pose")
objs[21].Parent=objs[16]
objs[21].Name="Head"
objs[21].CFrame=CFrame.new(1.1175870895385742e-08,0,1.8603168427944183e-07,0.9974051117897034,-0.009091531857848167,-0.07141689211130142,-0.02775951661169529,0.866719126701355,-0.49802348017692566,0.06642618030309677,0.4987136423587799,0.8642176985740662)
objs[21].Weight=1
objs[21].EasingDirection=Enum.PoseEasingDirection.Out
objs[21].EasingStyle=Enum.PoseEasingStyle.Constant
objs[21].Archivable=true
objs[22]=Instance.new("Pose")
objs[22].Parent=objs[16]
objs[22].Name="RightUpperArm"
objs[22].CFrame=CFrame.new(-0.23046332597732544,0.010058045387268066,0.003836061805486679,0.9203253388404846,-0.07523911446332932,-0.3838493525981903,-0.19607305526733398,0.7603956460952759,-0.6191557049751282,0.33846208453178406,0.6450871825218201,0.6850590109825134)
objs[22].Weight=1
objs[22].EasingDirection=Enum.PoseEasingDirection.Out
objs[22].EasingStyle=Enum.PoseEasingStyle.Linear
objs[22].Archivable=true
objs[23]=Instance.new("Pose")
objs[23].Parent=objs[16]
objs[23].Name="LeftUpperArm"
objs[23].CFrame=CFrame.new(0.259904682636261,-0.013448715209960938,-0.029766764491796494,0.9263399839401245,0.03734801709651947,0.37483248114585876,0.20855948328971863,0.777784526348114,-0.5929200649261475,-0.31368330121040344,0.6274204254150391,0.7127035856246948)
objs[23].Weight=1
objs[23].EasingDirection=Enum.PoseEasingDirection.Out
objs[23].EasingStyle=Enum.PoseEasingStyle.Linear
objs[23].Archivable=true
objs[24]=Instance.new("Pose")
objs[24].Parent=objs[16]
objs[24].Name="LeftHand"
objs[24].CFrame=CFrame.new(0.0004998296499252319,0.00010013580322265625,-6.705522537231445e-08,1,0,0,0,1,0,0,0,1)
objs[24].Weight=1
objs[24].EasingDirection=Enum.PoseEasingDirection.Out
objs[24].EasingStyle=Enum.PoseEasingStyle.Linear
objs[24].Archivable=true
objs[25]=Instance.new("Keyframe")
objs[25].Parent=objs[2]
objs[25].Name="Keyframe"
objs[25].Time=0.10000000149011612
objs[25].Archivable=true
objs[26]=Instance.new("Pose")
objs[26].Parent=objs[25]
objs[26].Name="HumanoidRootPart"
objs[26].CFrame=CFrame.new(0,0,0,1,0,0,0,1,0,0,0,1)
objs[26].Weight=1
objs[26].EasingDirection=Enum.PoseEasingDirection.In
objs[26].EasingStyle=Enum.PoseEasingStyle.Linear
objs[26].Archivable=true
objs[27]=Instance.new("Pose")
objs[27].Parent=objs[26]
objs[27].Name="Torso"
objs[27].CFrame=CFrame.new(-0.056102246046066284,-0.546173095703125,-0.6076452732086182,0.9962644577026367,-0.08144807815551758,0.02869344875216484,0.07991418242454529,0.7436659336090088,-0.6637580394744873,0.032723475247621536,0.6635715961456299,0.7473967671394348)
objs[27].Weight=1
objs[27].EasingDirection=Enum.PoseEasingDirection.Out
objs[27].EasingStyle=Enum.PoseEasingStyle.Linear
objs[27].Archivable=true
objs[28]=Instance.new("Pose")
objs[28].Parent=objs[27]
objs[28].Name="Right Arm"
objs[28].CFrame=CFrame.new(0.13834267854690552,0.10700273513793945,-0.23673832416534424,0.7042728662490845,-0.6525617241859436,-0.2795763611793518,0.5977231860160828,0.7575282454490662,-0.2624461352825165,0.3830493092536926,0.0177244171500206,0.9235578179359436)
objs[28].Weight=1
objs[28].EasingDirection=Enum.PoseEasingDirection.Out
objs[28].EasingStyle=Enum.PoseEasingStyle.Linear
objs[28].Archivable=true
objs[29]=Instance.new("Pose")
objs[29].Parent=objs[27]
objs[29].Name="Left Arm"
objs[29].CFrame=CFrame.new(-0.14921849966049194,0.03972268104553223,-0.2780824303627014,0.7620539665222168,0.6032588481903076,0.235271155834198,-0.5667358636856079,0.7971416711807251,-0.2082681953907013,-0.31318408250808716,0.025375016033649445,0.9493533968925476)
objs[29].Weight=1
objs[29].EasingDirection=Enum.PoseEasingDirection.Out
objs[29].EasingStyle=Enum.PoseEasingStyle.Linear
objs[29].Archivable=true
objs[30]=Instance.new("Pose")
objs[30].Parent=objs[27]
objs[30].Name="Right Leg"
objs[30].CFrame=CFrame.new(0.3478381037712097,0.7809133529663086,0.17760872840881348,0.9083970785140991,-0.3984922468662262,-0.12656480073928833,0.408174067735672,0.910801887512207,0.06191793829202652,0.09060163795948029,-0.10790654271841049,0.9900239706039429)
objs[30].Weight=1
objs[30].EasingDirection=Enum.PoseEasingDirection.Out
objs[30].EasingStyle=Enum.PoseEasingStyle.Linear
objs[30].Archivable=true
objs[31]=Instance.new("Pose")
objs[31].Parent=objs[27]
objs[31].Name="Left Leg"
objs[31].CFrame=CFrame.new(-0.16020773351192474,0.6231671571731567,0.10087382793426514,0.7808248400688171,0.624739944934845,0.0035642217844724655,-0.6221947073936462,0.7771028876304626,0.09478901326656342,0.05644869804382324,-0.07623125612735748,0.9954910278320312)
objs[31].Weight=1
objs[31].EasingDirection=Enum.PoseEasingDirection.Out
objs[31].EasingStyle=Enum.PoseEasingStyle.Linear
objs[31].Archivable=true
objs[32]=Instance.new("Pose")
objs[32].Parent=objs[27]
objs[32].Name="Head"
objs[32].CFrame=CFrame.new(-1.6763806343078613e-08,1.1920928955078125e-07,1.7508864402770996e-07,0.9970186948776245,-0.021208370104432106,0.07418879121541977,0.0737372636795044,0.545098066329956,-0.8351233005523682,-0.022728562355041504,0.8381040096282959,0.545036792755127)
objs[32].Weight=1
objs[32].EasingDirection=Enum.PoseEasingDirection.Out
objs[32].EasingStyle=Enum.PoseEasingStyle.Constant
objs[32].Archivable=true
objs[33]=Instance.new("Pose")
objs[33].Parent=objs[27]
objs[33].Name="RightUpperArm"
objs[33].CFrame=CFrame.new(-0.23208105564117432,0.04323780536651611,0.033275455236434937,0.9235578179359436,0.0177244171500206,-0.3830493092536926,-0.2624461352825165,0.7575282454490662,-0.5977231860160828,0.2795763611793518,0.6525617241859436,0.7042728662490845)
objs[33].Weight=1
objs[33].EasingDirection=Enum.PoseEasingDirection.Out
objs[33].EasingStyle=Enum.PoseEasingStyle.Linear
objs[33].Archivable=true
objs[34]=Instance.new("Pose")
objs[34].Parent=objs[27]
objs[34].Name="LeftUpperArm"
objs[34].CFrame=CFrame.new(0.2714194655418396,-0.01362764835357666,0.00943758338689804,0.9493533968925476,-0.025375016033649445,0.31318408250808716,0.2082681953907013,0.7971416711807251,-0.5667358636856079,-0.235271155834198,0.6032588481903076,0.7620539665222168)
objs[34].Weight=1
objs[34].EasingDirection=Enum.PoseEasingDirection.Out
objs[34].EasingStyle=Enum.PoseEasingStyle.Linear
objs[34].Archivable=true
objs[35]=Instance.new("Pose")
objs[35].Parent=objs[27]
objs[35].Name="LeftHand"
objs[35].CFrame=CFrame.new(0.0004999712109565735,0.00009989738464355469,-7.450580596923828e-09,1,0,0,0,1,0,0,0,1)
objs[35].Weight=1
objs[35].EasingDirection=Enum.PoseEasingDirection.Out
objs[35].EasingStyle=Enum.PoseEasingStyle.Linear
objs[35].Archivable=true
objs[36]=Instance.new("Keyframe")
objs[36].Parent=objs[2]
objs[36].Name="Keyframe"
objs[36].Time=0.15000000596046448
objs[36].Archivable=true
objs[37]=Instance.new("Pose")
objs[37].Parent=objs[36]
objs[37].Name="HumanoidRootPart"
objs[37].CFrame=CFrame.new(0,0,0,1,0,0,0,1,0,0,0,1)
objs[37].Weight=1
objs[37].EasingDirection=Enum.PoseEasingDirection.In
objs[37].EasingStyle=Enum.PoseEasingStyle.Linear
objs[37].Archivable=true
objs[38]=Instance.new("Pose")
objs[38].Parent=objs[37]
objs[38].Name="Torso"
objs[38].CFrame=CFrame.new(-0.03854471445083618,-0.3847814202308655,-0.3762660026550293,0.9975535869598389,-0.05244210362434387,0.04622362554073334,0.06638780236244202,0.9178065061569214,-0.3914381265640259,-0.02189650572836399,0.39354920387268066,0.9190427660942078)
objs[38].Weight=1
objs[38].EasingDirection=Enum.PoseEasingDirection.Out
objs[38].EasingStyle=Enum.PoseEasingStyle.Linear
objs[38].Archivable=true
objs[39]=Instance.new("Pose")
objs[39].Parent=objs[38]
objs[39].Name="Right Arm"
objs[39].CFrame=CFrame.new(0.18217286467552185,0.08735978603363037,-0.20074808597564697,0.7261703610420227,-0.5387412309646606,-0.4271236062049866,0.46749481558799744,0.8424552083015442,-0.2678018808364868,0.5041084289550781,-0.005208209156990051,0.8636246919631958)
objs[39].Weight=1
objs[39].EasingDirection=Enum.PoseEasingDirection.Out
objs[39].EasingStyle=Enum.PoseEasingStyle.Linear
objs[39].Archivable=true
objs[40]=Instance.new("Pose")
objs[40].Parent=objs[38]
objs[40].Name="Left Arm"
objs[40].CFrame=CFrame.new(-0.18803581595420837,0.033426523208618164,-0.25211286544799805,0.7042640447616577,0.6483648419380188,0.28919780254364014,-0.6267810463905334,0.7591487169265747,-0.17560982704162598,-0.3334033489227295,-0.057587962597608566,0.9410238265991211)
objs[40].Weight=1
objs[40].EasingDirection=Enum.PoseEasingDirection.Out
objs[40].EasingStyle=Enum.PoseEasingStyle.Linear
objs[40].Archivable=true
objs[41]=Instance.new("Pose")
objs[41].Parent=objs[38]
objs[41].Name="Right Leg"
objs[41].CFrame=CFrame.new(0.25661513209342957,0.43268316984176636,0.1400291919708252,0.9647926688194275,-0.2514680027961731,-0.0770648792386055,0.25641387701034546,0.9645254611968994,0.06279025226831436,0.05854129418730736,-0.08034007996320724,0.9950469136238098)
objs[41].Weight=1
objs[41].EasingDirection=Enum.PoseEasingDirection.Out
objs[41].EasingStyle=Enum.PoseEasingStyle.Linear
objs[41].Archivable=true
objs[42]=Instance.new("Pose")
objs[42].Parent=objs[38]
objs[42].Name="Left Leg"
objs[42].CFrame=CFrame.new(-0.17394332587718964,0.46627646684646606,0.11178159713745117,0.9258938431739807,0.37772226333618164,0.006817014887928963,-0.37544387578964233,0.9180040955543518,0.1277121603488922,0.04198167473077774,-0.12080730497837067,0.991787850856781)
objs[42].Weight=1
objs[42].EasingDirection=Enum.PoseEasingDirection.Out
objs[42].EasingStyle=Enum.PoseEasingStyle.Linear
objs[42].Archivable=true
objs[43]=Instance.new("Pose")
objs[43].Parent=objs[38]
objs[43].Name="Head"
objs[43].CFrame=CFrame.new(7.450580596923828e-09,4.76837158203125e-07,-7.147900760173798e-08,0.998054027557373,-0.06215641647577286,0.004975050687789917,0.05400390177965164,0.8217410445213318,-0.5672964453697205,0.03117290884256363,0.5664611458778381,0.8234986662864685)
objs[43].Weight=1
objs[43].EasingDirection=Enum.PoseEasingDirection.Out
objs[43].EasingStyle=Enum.PoseEasingStyle.Constant
objs[43].Archivable=true
objs[44]=Instance.new("Pose")
objs[44].Parent=objs[38]
objs[44].Name="RightUpperArm"
objs[44].CFrame=CFrame.new(-0.2021172046661377,0.045923709869384766,-0.04048148915171623,0.8636247515678406,-0.005208209156990051,-0.5041083097457886,-0.26780182123184204,0.842455267906189,-0.4674947261810303,0.4271235167980194,0.5387411117553711,0.7261704206466675)
objs[44].Weight=1
objs[44].EasingDirection=Enum.PoseEasingDirection.Out
objs[44].EasingStyle=Enum.PoseEasingStyle.Linear
objs[44].Archivable=true
objs[45]=Instance.new("Pose")
objs[45].Parent=objs[38]
objs[45].Name="LeftUpperArm"
objs[45].CFrame=CFrame.new(0.2672516703605652,-0.029921650886535645,-0.017509859055280685,0.9410238265991211,0.057587962597608566,0.3334033489227295,0.17560982704162598,0.7591487169265747,-0.6267810463905334,-0.28919780254364014,0.6483648419380188,0.7042640447616577)
objs[45].Weight=1
objs[45].EasingDirection=Enum.PoseEasingDirection.Out
objs[45].EasingStyle=Enum.PoseEasingStyle.Linear
objs[45].Archivable=true
objs[46]=Instance.new("Pose")
objs[46].Parent=objs[38]
objs[46].Name="LeftHand"
objs[46].CFrame=CFrame.new(0.0004998967051506042,0.00010019540786743164,-5.960464477539063e-08,1,0,0,0,1,0,0,0,1)
objs[46].Weight=1
objs[46].EasingDirection=Enum.PoseEasingDirection.Out
objs[46].EasingStyle=Enum.PoseEasingStyle.Linear
objs[46].Archivable=true
objs[47]=Instance.new("Keyframe")
objs[47].Parent=objs[2]
objs[47].Name="Keyframe"
objs[47].Time=0.23333333432674408
objs[47].Archivable=true
objs[48]=Instance.new("Pose")
objs[48].Parent=objs[47]
objs[48].Name="HumanoidRootPart"
objs[48].CFrame=CFrame.new(0,0,0,1,0,0,0,1,0,0,0,1)
objs[48].Weight=1
objs[48].EasingDirection=Enum.PoseEasingDirection.In
objs[48].EasingStyle=Enum.PoseEasingStyle.Linear
objs[48].Archivable=true
objs[49]=Instance.new("Pose")
objs[49].Parent=objs[48]
objs[49].Name="Torso"
objs[49].CFrame=CFrame.new(-0.07769231498241425,-0.16100063920021057,-0.2800569534301758,0.9999594688415527,0.005548524670302868,0.007091152016073465,-0.004073785617947578,0.9811434745788574,-0.1932377815246582,-0.00802962202578783,0.19320106506347656,0.9811263084411621)
objs[49].Weight=1
objs[49].EasingDirection=Enum.PoseEasingDirection.Out
objs[49].EasingStyle=Enum.PoseEasingStyle.Linear
objs[49].Archivable=true
objs[50]=Instance.new("Pose")
objs[50].Parent=objs[49]
objs[50].Name="Right Arm"
objs[50].CFrame=CFrame.new(0.2236936390399933,0.0061699748039245605,-0.13531279563903809,0.7114846706390381,-0.30605825781822205,-0.6325487494468689,0.2645954191684723,0.9505985379219055,-0.16233210265636444,0.6509830355644226,-0.051872704178094864,0.757317841053009)
objs[50].Weight=1
objs[50].EasingDirection=Enum.PoseEasingDirection.Out
objs[50].EasingStyle=Enum.PoseEasingStyle.Linear
objs[50].Archivable=true
objs[51]=Instance.new("Pose")
objs[51].Parent=objs[49]
objs[51].Name="Left Arm"
objs[51].CFrame=CFrame.new(-0.24131670594215393,-0.09275674819946289,-0.15283185243606567,0.7579725384712219,0.2890242338180542,0.5847586393356323,-0.3442419171333313,0.938713014125824,-0.017759256064891815,-0.5540534257888794,-0.1878373920917511,0.8110129237174988)
objs[51].Weight=1
objs[51].EasingDirection=Enum.PoseEasingDirection.Out
objs[51].EasingStyle=Enum.PoseEasingStyle.Linear
objs[51].Archivable=true
objs[52]=Instance.new("Pose")
objs[52].Parent=objs[49]
objs[52].Name="Right Leg"
objs[52].CFrame=CFrame.new(0.2908141314983368,0.3504132032394409,0.14117717742919922,0.9901075959205627,-0.140310138463974,0.000016230158507823944,0.13980832695960999,0.9865762591362,0.0843852311372757,-0.01185611356049776,-0.08354818820953369,0.9964331984519958)
objs[52].Weight=1
objs[52].EasingDirection=Enum.PoseEasingDirection.Out
objs[52].EasingStyle=Enum.PoseEasingStyle.Linear
objs[52].Archivable=true
objs[53]=Instance.new("Pose")
objs[53].Parent=objs[49]
objs[53].Name="Left Leg"
objs[53].CFrame=CFrame.new(-0.1516072154045105,0.3484463691711426,0.12439298629760742,0.9760560393333435,0.21194836497306824,0.04891354590654373,-0.21606552600860596,0.9706566333770752,0.1055530309677124,-0.025106467306613922,-0.11359420418739319,0.993209958076477)
objs[53].Weight=1
objs[53].EasingDirection=Enum.PoseEasingDirection.Out
objs[53].EasingStyle=Enum.PoseEasingStyle.Linear
objs[53].Archivable=true
objs[54]=Instance.new("Pose")
objs[54].Parent=objs[49]
objs[54].Name="Head"
objs[54].CFrame=CFrame.new(-5.704350769519806e-09,2.384185791015625e-07,5.806214176118374e-08,0.9996815919876099,0.008343600668013096,0.023814376443624496,0.003649728139862418,0.886019229888916,-0.4636341333389282,-0.024968374520540237,0.4635733962059021,0.8857066631317139)
objs[54].Weight=1
objs[54].EasingDirection=Enum.PoseEasingDirection.Out
objs[54].EasingStyle=Enum.PoseEasingStyle.Constant
objs[54].Archivable=true
objs[55]=Instance.new("Pose")
objs[55].Parent=objs[49]
objs[55].Name="RightUpperArm"
objs[55].CFrame=CFrame.new(-0.14896589517593384,-0.006824493408203125,-0.14319562911987305,0.757317841053009,-0.051872700452804565,-0.6509830355644226,-0.16233210265636444,0.9505985379219055,-0.2645954489707947,0.6325487494468689,0.30605828762054443,0.7114846706390381)
objs[55].Weight=1
objs[55].EasingDirection=Enum.PoseEasingDirection.Out
objs[55].EasingStyle=Enum.PoseEasingStyle.Linear
objs[55].Archivable=true
objs[56]=Instance.new("Pose")
objs[56].Parent=objs[49]
objs[56].Name="LeftUpperArm"
objs[56].CFrame=CFrame.new(0.20223701000213623,-0.10887420177459717,-0.1653095930814743,0.8110129237174988,0.1878373920917511,0.5540534257888794,0.017759256064891815,0.938713014125824,-0.3442419171333313,-0.5847586393356323,0.2890242338180542,0.7579725384712219)
objs[56].Weight=1
objs[56].EasingDirection=Enum.PoseEasingDirection.Out
objs[56].EasingStyle=Enum.PoseEasingStyle.Linear
objs[56].Archivable=true
objs[57]=Instance.new("Pose")
objs[57].Parent=objs[49]
objs[57].Name="LeftHand"
objs[57].CFrame=CFrame.new(0.0004998594522476196,0.00009995698928833008,-1.1920928955078125e-07,1,0,0,0,1,0,0,0,1)
objs[57].Weight=1
objs[57].EasingDirection=Enum.PoseEasingDirection.Out
objs[57].EasingStyle=Enum.PoseEasingStyle.Linear
objs[57].Archivable=true
objs[58]=Instance.new("Keyframe")
objs[58].Parent=objs[2]
objs[58].Name="Keyframe"
objs[58].Time=0.3333333432674408
objs[58].Archivable=true
objs[59]=Instance.new("Pose")
objs[59].Parent=objs[58]
objs[59].Name="HumanoidRootPart"
objs[59].CFrame=CFrame.new(0,0,0,1,0,0,0,1,0,0,0,1)
objs[59].Weight=1
objs[59].EasingDirection=Enum.PoseEasingDirection.In
objs[59].EasingStyle=Enum.PoseEasingStyle.Linear
objs[59].Archivable=true
objs[60]=Instance.new("Pose")
objs[60].Parent=objs[59]
objs[60].Name="Torso"
objs[60].CFrame=CFrame.new(-0.0915093868970871,-0.15133506059646606,-0.2939736843109131,0.9998605251312256,0.016369277611374855,-0.0033182967454195023,-0.016682418063282967,0.9884395003318787,-0.15069513022899628,0.0008131653303280473,0.1507294625043869,0.988574743270874)
objs[60].Weight=1
objs[60].EasingDirection=Enum.PoseEasingDirection.Out
objs[60].EasingStyle=Enum.PoseEasingStyle.Linear
objs[60].Archivable=true
objs[61]=Instance.new("Pose")
objs[61].Parent=objs[60]
objs[61].Name="Right Arm"
objs[61].CFrame=CFrame.new(0.20032356679439545,-0.03016263246536255,-0.1413043737411499,0.7418069839477539,-0.2071996033191681,-0.6378014087677002,0.1837618052959442,0.9774728417396545,-0.10381944477558136,0.6449449062347412,-0.040189553052186966,0.7631715536117554)
objs[61].Weight=1
objs[61].EasingDirection=Enum.PoseEasingDirection.Out
objs[61].EasingStyle=Enum.PoseEasingStyle.Linear
objs[61].Archivable=true
objs[62]=Instance.new("Pose")
objs[62].Parent=objs[60]
objs[62].Name="Left Arm"
objs[62].CFrame=CFrame.new(-0.18906842172145844,-0.10084286332130432,-0.195054292678833,0.8244967460632324,0.18637613952159882,0.5342931747436523,-0.20666228234767914,0.9781582355499268,-0.022296719253063202,-0.5267788171768188,-0.09203466027975082,0.8450051546096802)
objs[62].Weight=1
objs[62].EasingDirection=Enum.PoseEasingDirection.Out
objs[62].EasingStyle=Enum.PoseEasingStyle.Linear
objs[62].Archivable=true
objs[63]=Instance.new("Pose")
objs[63].Parent=objs[60]
objs[63].Name="Right Leg"
objs[63].CFrame=CFrame.new(0.2853306233882904,0.3643984794616699,0.13975489139556885,0.9951578378677368,-0.0971539318561554,0.01490028202533722,0.09543575346469879,0.9913597106933594,0.08998869359493256,-0.023514293134212494,-0.08813093602657318,0.995831310749054)
objs[63].Weight=1
objs[63].EasingDirection=Enum.PoseEasingDirection.Out
objs[63].EasingStyle=Enum.PoseEasingStyle.Linear
objs[63].Archivable=true
objs[64]=Instance.new("Pose")
objs[64].Parent=objs[60]
objs[64].Name="Left Leg"
objs[64].CFrame=CFrame.new(-0.13457424938678741,0.3502157926559448,0.12416911125183105,0.9856711626052856,0.15941399335861206,0.05513251572847366,-0.16438856720924377,0.9810881614685059,0.10218789428472519,-0.03779967874288559,-0.10978681594133377,0.9932361245155334)
objs[64].Weight=1
objs[64].EasingDirection=Enum.PoseEasingDirection.Out
objs[64].EasingStyle=Enum.PoseEasingStyle.Linear
objs[64].Archivable=true
objs[65]=Instance.new("Pose")
objs[65].Parent=objs[60]
objs[65].Name="Head"
objs[65].CFrame=CFrame.new(-7.683411240577698e-09,-4.76837158203125e-07,-1.7462298274040222e-08,0.9969748854637146,-0.06854373216629028,-0.03664432838559151,0.05583072081208229,0.9595631957054138,-0.2759011685848236,0.054073844105005264,0.2730206549167633,0.9604872465133667)
objs[65].Weight=1
objs[65].EasingDirection=Enum.PoseEasingDirection.Out
objs[65].EasingStyle=Enum.PoseEasingStyle.Constant
objs[65].Archivable=true
objs[66]=Instance.new("Pose")
objs[66].Parent=objs[60]
objs[66].Name="RightUpperArm"
objs[66].CFrame=CFrame.new(-0.15188169479370117,-0.03608691692352295,-0.14583514630794525,0.7631715536117554,-0.040189553052186966,-0.6449449062347412,-0.10381944477558136,0.9774728417396545,-0.1837618052959442,0.6378014087677002,0.2071996033191681,0.7418069839477539)
objs[66].Weight=1
objs[66].EasingDirection=Enum.PoseEasingDirection.Out
objs[66].EasingStyle=Enum.PoseEasingStyle.Linear
objs[66].Archivable=true
objs[67]=Instance.new("Pose")
objs[67].Parent=objs[60]
objs[67].Name="LeftUpperArm"
objs[67].CFrame=CFrame.new(0.21924704313278198,-0.10658538341522217,-0.14005646109580994,0.8450051546096802,0.09203466027975082,0.5267788171768188,0.022296719253063202,0.9781582355499268,-0.20666228234767914,-0.5342931747436523,0.18637613952159882,0.8244967460632324)
objs[67].Weight=1
objs[67].EasingDirection=Enum.PoseEasingDirection.Out
objs[67].EasingStyle=Enum.PoseEasingStyle.Linear
objs[67].Archivable=true
objs[68]=Instance.new("Pose")
objs[68].Parent=objs[60]
objs[68].Name="LeftHand"
objs[68].CFrame=CFrame.new(0.0004999786615371704,0.00010007619857788086,-2.9802322387695312e-08,1,0,0,0,1,0,0,0,1)
objs[68].Weight=1
objs[68].EasingDirection=Enum.PoseEasingDirection.Out
objs[68].EasingStyle=Enum.PoseEasingStyle.Linear
objs[68].Archivable=true
objs[69]=Instance.new("Keyframe")
objs[69].Parent=objs[2]
objs[69].Name="Keyframe"
objs[69].Time=0.44999998807907104
objs[69].Archivable=true
objs[70]=Instance.new("Pose")
objs[70].Parent=objs[69]
objs[70].Name="HumanoidRootPart"
objs[70].CFrame=CFrame.new(0,0,0,1,0,0,0,1,0,0,0,1)
objs[70].Weight=1
objs[70].EasingDirection=Enum.PoseEasingDirection.In
objs[70].EasingStyle=Enum.PoseEasingStyle.Linear
objs[70].Archivable=true
objs[71]=Instance.new("Pose")
objs[71].Parent=objs[70]
objs[71].Name="Torso"
objs[71].CFrame=CFrame.new(-0.07841149717569351,-0.14270848035812378,-0.32318925857543945,0.9999009966850281,0.01405321154743433,-0.000711317581590265,-0.014031528495252132,0.9920135140419006,-0.125348761677742,-0.0010559156071394682,0.1253463178873062,0.9921125173568726)
objs[71].Weight=1
objs[71].EasingDirection=Enum.PoseEasingDirection.Out
objs[71].EasingStyle=Enum.PoseEasingStyle.Linear
objs[71].Archivable=true
objs[72]=Instance.new("Pose")
objs[72].Parent=objs[71]
objs[72].Name="Right Arm"
objs[72].CFrame=CFrame.new(0.1439516842365265,-0.06629955768585205,-0.1708376407623291,0.7987586855888367,-0.06934786587953568,-0.5976415872573853,0.05507661774754524,0.9975922703742981,-0.04214560240507126,0.5991253852844238,0.0007480960339307785,0.8006548881530762)
objs[72].Weight=1
objs[72].EasingDirection=Enum.PoseEasingDirection.Out
objs[72].EasingStyle=Enum.PoseEasingStyle.Linear
objs[72].Archivable=true
objs[73]=Instance.new("Pose")
objs[73].Parent=objs[71]
objs[73].Name="Left Arm"
objs[73].CFrame=CFrame.new(-0.1677335500717163,-0.10636106133460999,-0.20776718854904175,0.8207640051841736,0.03723590448498726,0.5700526237487793,-0.0298063512891531,0.9993056058883667,-0.0223594568669796,-0.5704892873764038,0.0013606511056423187,0.8213039040565491)
objs[73].Weight=1
objs[73].EasingDirection=Enum.PoseEasingDirection.Out
objs[73].EasingStyle=Enum.PoseEasingStyle.Linear
objs[73].Archivable=true
objs[74]=Instance.new("Pose")
objs[74].Parent=objs[71]
objs[74].Name="Right Leg"
objs[74].CFrame=CFrame.new(0.27610671520233154,0.38744598627090454,0.14021921157836914,0.9975131750106812,-0.06884665042161942,0.015085272490978241,0.06713581830263138,0.9933107495307922,0.0939495712518692,-0.02145247533917427,-0.09270317852497101,0.9954626560211182)
objs[74].Weight=1
objs[74].EasingDirection=Enum.PoseEasingDirection.Out
objs[74].EasingStyle=Enum.PoseEasingStyle.Linear
objs[74].Archivable=true
objs[75]=Instance.new("Pose")
objs[75].Parent=objs[71]
objs[75].Name="Left Leg"
objs[75].CFrame=CFrame.new(-0.1271825134754181,0.37852227687835693,0.11942493915557861,0.9897632598876953,0.13367627561092377,0.0499931201338768,-0.13819609582424164,0.9851600527763367,0.101791612803936,-0.03564409911632538,-0.10765845328569412,0.9935487508773804)
objs[75].Weight=1
objs[75].EasingDirection=Enum.PoseEasingDirection.Out
objs[75].EasingStyle=Enum.PoseEasingStyle.Linear
objs[75].Archivable=true
objs[76]=Instance.new("Pose")
objs[76].Parent=objs[71]
objs[76].Name="Head"
objs[76].CFrame=CFrame.new(-5.820766091346741e-09,1.1920928955078125e-07,-6.263144314289093e-08,0.9965371489524841,-0.05622466653585434,-0.061257727444171906,0.044821709394454956,0.983764111995697,-0.17377908527851105,0.07003382593393326,0.17043162882328033,0.9828775525093079)
objs[76].Weight=1
objs[76].EasingDirection=Enum.PoseEasingDirection.Out
objs[76].EasingStyle=Enum.PoseEasingStyle.Constant
objs[76].Archivable=true
objs[77]=Instance.new("Pose")
objs[77].Parent=objs[71]
objs[77].Name="RightUpperArm"
objs[77].CFrame=CFrame.new(-0.17064523696899414,-0.0669323205947876,-0.1257266253232956,0.8006548881530762,0.0007480960339307785,-0.5991253852844238,-0.04214560240507126,0.9975922703742981,-0.05507661774754524,0.5976415872573853,0.06934786587953568,0.7987586855888367)
objs[77].Weight=1
objs[77].EasingDirection=Enum.PoseEasingDirection.Out
objs[77].EasingStyle=Enum.PoseEasingStyle.Linear
objs[77].Archivable=true
objs[78]=Instance.new("Pose")
objs[78].Parent=objs[71]
objs[78].Name="LeftUpperArm"
objs[78].CFrame=CFrame.new(0.20740169286727905,-0.10654377937316895,-0.15792864561080933,0.8213039040565491,-0.0013606511056423187,0.5704892873764038,0.0223594568669796,0.9993056058883667,-0.0298063512891531,-0.5700526237487793,0.03723590448498726,0.8207640051841736)
objs[78].Weight=1
objs[78].EasingDirection=Enum.PoseEasingDirection.Out
objs[78].EasingStyle=Enum.PoseEasingStyle.Linear
objs[78].Archivable=true
objs[79]=Instance.new("Pose")
objs[79].Parent=objs[71]
objs[79].Name="LeftHand"
objs[79].CFrame=CFrame.new(0.0004999581724405289,0.00009995698928833008,1.6763806343078613e-08,1,0,0,0,1,0,0,0,1)
objs[79].Weight=1
objs[79].EasingDirection=Enum.PoseEasingDirection.Out
objs[79].EasingStyle=Enum.PoseEasingStyle.Linear
objs[79].Archivable=true
objs[80]=Instance.new("Keyframe")
objs[80].Parent=objs[2]
objs[80].Name="Keyframe"
objs[80].Time=0.5333333611488342
objs[80].Archivable=true
objs[81]=Instance.new("Pose")
objs[81].Parent=objs[80]
objs[81].Name="HumanoidRootPart"
objs[81].CFrame=CFrame.new(0,0,0,1,0,0,0,1,0,0,0,1)
objs[81].Weight=1
objs[81].EasingDirection=Enum.PoseEasingDirection.In
objs[81].EasingStyle=Enum.PoseEasingStyle.Linear
objs[81].Archivable=true
objs[82]=Instance.new("Pose")
objs[82].Parent=objs[81]
objs[82].Name="Torso"
objs[82].CFrame=CFrame.new(-0.060259077697992325,-0.15346264839172363,-0.3352010250091553,0.9997982382774353,0.018295928835868835,0.008294031023979187,-0.01681874692440033,0.9881725907325745,-0.15242086350917816,-0.010984614491462708,0.15225060284137726,0.9882808923721313)
objs[82].Weight=1
objs[82].EasingDirection=Enum.PoseEasingDirection.Out
objs[82].EasingStyle=Enum.PoseEasingStyle.Linear
objs[82].Archivable=true
objs[83]=Instance.new("Pose")
objs[83].Parent=objs[82]
objs[83].Name="Right Arm"
objs[83].CFrame=CFrame.new(0.14316651225090027,-0.06814131140708923,-0.1703445315361023,0.7898507714271545,-0.03885672986507416,-0.612066924571991,0.01878824084997177,0.9990555644035339,-0.03917892277240753,0.6130111813545227,0.019445842131972313,0.7898348569869995)
objs[83].Weight=1
objs[83].EasingDirection=Enum.PoseEasingDirection.Out
objs[83].EasingStyle=Enum.PoseEasingStyle.Linear
objs[83].Archivable=true
objs[84]=Instance.new("Pose")
objs[84].Parent=objs[82]
objs[84].Name="Left Arm"
objs[84].CFrame=CFrame.new(-0.18536101281642914,-0.08902972936630249,-0.20497965812683105,0.8021976351737976,0.05831688642501831,0.594203770160675,-0.03081248141825199,0.997935950756073,-0.056342318654060364,-0.5962629914283752,0.026888782158493996,0.802338719367981)
objs[84].Weight=1
objs[84].EasingDirection=Enum.PoseEasingDirection.Out
objs[84].EasingStyle=Enum.PoseEasingStyle.Linear
objs[84].Archivable=true
objs[85]=Instance.new("Pose")
objs[85].Parent=objs[82]
objs[85].Name="Right Leg"
objs[85].CFrame=CFrame.new(0.28274160623550415,0.39670461416244507,0.14007151126861572,0.9950897097587585,-0.09758675843477249,0.016531163826584816,0.09568188339471817,0.9911864399909973,0.09162125736474991,-0.025326484814286232,-0.08958963304758072,0.9956567287445068)
objs[85].Weight=1
objs[85].EasingDirection=Enum.PoseEasingDirection.Out
objs[85].EasingStyle=Enum.PoseEasingStyle.Linear
objs[85].Archivable=true
objs[86]=Instance.new("Pose")
objs[86].Parent=objs[82]
objs[86].Name="Left Leg"
objs[86].CFrame=CFrame.new(-0.12589536607265472,0.40100038051605225,0.11639237403869629,0.9853799939155579,0.16063135862350464,0.0567789226770401,-0.16587340831756592,0.9805927276611328,0.10451775044202805,-0.038888171315193176,-0.11240781098604202,0.9929009079933167)
objs[86].Weight=1
objs[86].EasingDirection=Enum.PoseEasingDirection.Out
objs[86].EasingStyle=Enum.PoseEasingStyle.Linear
objs[86].Archivable=true
objs[87]=Instance.new("Pose")
objs[87].Parent=objs[82]
objs[87].Name="Head"
objs[87].CFrame=CFrame.new(3.259629011154175e-09,-3.5762786865234375e-07,-4.71482053399086e-09,0.9971624612808228,-0.05212901905179024,-0.05431027337908745,0.043894100934267044,0.9887334704399109,-0.14310653507709503,0.06115838512778282,0.14031656086444855,0.9882160425186157)
objs[87].Weight=1
objs[87].EasingDirection=Enum.PoseEasingDirection.Out
objs[87].EasingStyle=Enum.PoseEasingStyle.Constant
objs[87].Archivable=true
objs[88]=Instance.new("Pose")
objs[88].Parent=objs[82]
objs[88].Name="RightUpperArm"
objs[88].CFrame=CFrame.new(-0.1652238965034485,-0.06839001178741455,-0.13295280933380127,0.7898348569869995,0.019445842131972313,-0.6130111813545227,-0.03917892277240753,0.9990555644035339,-0.01878824084997177,0.612066924571991,0.03885672986507416,0.7898507714271545)
objs[88].Weight=1
objs[88].EasingDirection=Enum.PoseEasingDirection.Out
objs[88].EasingStyle=Enum.PoseEasingStyle.Linear
objs[88].Archivable=true
objs[89]=Instance.new("Pose")
objs[89].Parent=objs[82]
objs[89].Name="LeftUpperArm"
objs[89].CFrame=CFrame.new(0.19791024923324585,-0.08957290649414062,-0.1700170785188675,0.802338719367981,-0.026888782158493996,0.5962629914283752,0.056342318654060364,0.997935950756073,-0.03081248141825199,-0.594203770160675,0.05831688642501831,0.8021976351737976)
objs[89].Weight=1
objs[89].EasingDirection=Enum.PoseEasingDirection.Out
objs[89].EasingStyle=Enum.PoseEasingStyle.Linear
objs[89].Archivable=true
objs[90]=Instance.new("Pose")
objs[90].Parent=objs[82]
objs[90].Name="LeftHand"
objs[90].CFrame=CFrame.new(0.000499882735311985,0.0000998377799987793,7.82310962677002e-08,1,0,0,0,1,0,0,0,1)
objs[90].Weight=1
objs[90].EasingDirection=Enum.PoseEasingDirection.Out
objs[90].EasingStyle=Enum.PoseEasingStyle.Linear
objs[90].Archivable=true
objs[91]=Instance.new("Keyframe")
objs[91].Parent=objs[2]
objs[91].Name="Keyframe"
objs[91].Time=0.6499999761581421
objs[91].Archivable=true
objs[92]=Instance.new("Pose")
objs[92].Parent=objs[91]
objs[92].Name="HumanoidRootPart"
objs[92].CFrame=CFrame.new(0,0,0,1,0,0,0,1,0,0,0,1)
objs[92].Weight=1
objs[92].EasingDirection=Enum.PoseEasingDirection.In
objs[92].EasingStyle=Enum.PoseEasingStyle.Linear
objs[92].Archivable=true
objs[93]=Instance.new("Pose")
objs[93].Parent=objs[92]
objs[93].Name="Torso"
objs[93].CFrame=CFrame.new(-0.0657217800617218,-0.15346258878707886,-0.31749606132507324,0.9997068047523499,0.01929927058517933,0.01462376955896616,-0.016847478225827217,0.9881764650344849,-0.1523921936750412,-0.017391923815011978,0.15210114419460297,0.9882119297981262)
objs[93].Weight=1
objs[93].EasingDirection=Enum.PoseEasingDirection.Out
objs[93].EasingStyle=Enum.PoseEasingStyle.Linear
objs[93].Archivable=true
objs[94]=Instance.new("Pose")
objs[94].Parent=objs[93]
objs[94].Name="Right Arm"
objs[94].CFrame=CFrame.new(0.15798717737197876,-0.061127930879592896,-0.16247761249542236,0.7661675214767456,-0.03946744650602341,-0.6414278149604797,0.007080046460032463,0.9985701441764832,-0.05298572778701782,0.6426019072532654,0.03605460375547409,0.7653514742851257)
objs[94].Weight=1
objs[94].EasingDirection=Enum.PoseEasingDirection.Out
objs[94].EasingStyle=Enum.PoseEasingStyle.Linear
objs[94].Archivable=true
objs[95]=Instance.new("Pose")
objs[95].Parent=objs[93]
objs[95].Name="Left Arm"
objs[95].CFrame=CFrame.new(-0.19507262110710144,-0.07989761233329773,-0.20256280899047852,0.7911777496337891,0.06980705261230469,0.6075893044471741,-0.031112533062696457,0.9967722296714783,-0.0740075409412384,-0.6107943654060364,0.03964947536587715,0.7907959222793579)
objs[95].Weight=1
objs[95].EasingDirection=Enum.PoseEasingDirection.Out
