local folder=Instance.new('Folder')
folder.Name='Generated'
folder.Parent=workspace
local objs={}
objs[1]=Instance.new("KeyframeSequence")
objs[1].Parent=folder
objs[1].Name="testdance"
objs[1].Loop=true
objs[1].Priority=Enum.AnimationPriority.Action
objs[1].Archivable=true
objs[2]=Instance.new("Keyframe")
objs[2].Parent=objs[1]
objs[2].Name="Keyframe"
objs[2].Time=0
objs[2].Archivable=true
objs[3]=Instance.new("Pose")
objs[3].Parent=objs[2]
objs[3].Name="HumanoidRootPart"
objs[3].CFrame=CFrame.new(0,0,0,1,0,0,0,1,0,0,0,1)
objs[3].Weight=1
objs[3].EasingDirection=Enum.PoseEasingDirection.In
objs[3].EasingStyle=Enum.PoseEasingStyle.Linear
objs[3].Archivable=true
objs[4]=Instance.new("Pose")
objs[4].Parent=objs[3]
objs[4].Name="Torso"
objs[4].CFrame=CFrame.new(-0.09945098310709,-0.1775013506412506,-0.40796542167663574,0.9914366602897644,0.12794481217861176,-0.02614695578813553,-0.1304803490638733,0.9787244200706482,-0.15834583342075348,0.005331134889274836,0.16040152311325073,0.9870374798774719)
objs[4].Weight=1
objs[4].EasingDirection=Enum.PoseEasingDirection.In
objs[4].EasingStyle=Enum.PoseEasingStyle.Linear
objs[4].Archivable=true
objs[5]=Instance.new("Pose")
objs[5].Parent=objs[4]
objs[5].Name="Head"
objs[5].CFrame=CFrame.new(8.940696716308594e-08,-1.862645149230957e-09,-1.7881393432617188e-07,0.9969960451126099,0.04947783425450325,-0.0595901682972908,-0.04492675140500069,0.996138334274292,0.07543215155601501,0.06309228390455246,-0.07252837717533112,0.9953688383102417)
objs[5].Weight=1
objs[5].EasingDirection=Enum.PoseEasingDirection.In
objs[5].EasingStyle=Enum.PoseEasingStyle.Linear
objs[5].Archivable=true
objs[6]=Instance.new("Pose")
objs[6].Parent=objs[4]
objs[6].Name="Left Arm"
objs[6].CFrame=CFrame.new(0.0017919689416885376,-0.6946982145309448,0.6604021787643433,-0.5137914419174194,0.7273739576339722,-0.45491254329681396,-0.7103654146194458,-0.06337564438581467,0.7009739875793457,0.48103994131088257,0.6833086013793945,0.5492632985115051)
objs[6].Weight=1
objs[6].EasingDirection=Enum.PoseEasingDirection.In
objs[6].EasingStyle=Enum.PoseEasingStyle.Linear
objs[6].Archivable=true
objs[7]=Instance.new("Pose")
objs[7].Parent=objs[4]
objs[7].Name="Right Arm"
objs[7].CFrame=CFrame.new(0.7783005237579346,-0.7355453968048096,-0.11875778436660767,-0.8925123810768127,-0.2300354540348053,0.3879500925540924,0.42293936014175415,-0.12808498740196228,0.8970600366592407,-0.15666496753692627,0.9647165536880493,0.21160855889320374)
objs[7].Weight=1
objs[7].EasingDirection=Enum.PoseEasingDirection.In
objs[7].EasingStyle=Enum.PoseEasingStyle.Linear
objs[7].Archivable=true
objs[8]=Instance.new("Pose")
objs[8].Parent=objs[4]
objs[8].Name="Left Leg"
objs[8].CFrame=CFrame.new(-0.4222753643989563,0.423592209815979,0.14813017845153809,0.9122927188873291,-0.22823739051818848,0.34004372358322144,0.09571895748376846,0.9261424541473389,0.3648262023925781,-0.39819586277008057,-0.30027976632118225,0.8667595386505127)
objs[8].Weight=1
objs[8].EasingDirection=Enum.PoseEasingDirection.In
objs[8].EasingStyle=Enum.PoseEasingStyle.Linear
objs[8].Archivable=true
objs[9]=Instance.new("Pose")
objs[9].Parent=objs[4]
objs[9].Name="Right Leg"
objs[9].CFrame=CFrame.new(0.6910707950592041,0.42529648542404175,0.06528604030609131,0.9574381113052368,0.2678220272064209,-0.10762719810009003,-0.2380218803882599,0.9435206651687622,0.23046573996543884,0.16327230632305145,-0.19503910839557648,0.9671101570129395)
objs[9].Weight=1
objs[9].EasingDirection=Enum.PoseEasingDirection.In
objs[9].EasingStyle=Enum.PoseEasingStyle.Linear
objs[9].Archivable=true
objs[10]=Instance.new("Keyframe")
objs[10].Parent=objs[1]
objs[10].Name="Keyframe"
objs[10].Time=0.03333333507180214
objs[10].Archivable=true
objs[11]=Instance.new("Pose")
objs[11].Parent=objs[10]
objs[11].Name="HumanoidRootPart"
objs[11].CFrame=CFrame.new(0,0,0,1,0,0,0,1,0,0,0,1)
objs[11].Weight=1
objs[11].EasingDirection=Enum.PoseEasingDirection.In
objs[11].EasingStyle=Enum.PoseEasingStyle.Linear
objs[11].Archivable=true
objs[12]=Instance.new("Pose")
objs[12].Parent=objs[11]
objs[12].Name="Torso"
objs[12].CFrame=CFrame.new(0.03422063589096069,-0.18128187954425812,-0.30850887298583984,0.9817649722099304,0.1898631453514099,0.009463414549827576,-0.18776948750019073,0.976301908493042,-0.1075974851846695,-0.029667945578694344,0.10385850071907043,0.9941495060920715)
objs[12].Weight=1
objs[12].EasingDirection=Enum.PoseEasingDirection.In
objs[12].EasingStyle=Enum.PoseEasingStyle.Linear
objs[12].Archivable=true
objs[13]=Instance.new("Pose")
objs[13].Parent=objs[12]
objs[13].Name="Head"
objs[13].CFrame=CFrame.new(8.475035429000854e-08,6.51925802230835e-09,2.384185791015625e-07,0.9953372478485107,0.012903118506073952,-0.09558939188718796,-0.011958317831158638,0.9998739361763,0.010450378060340881,0.09571218490600586,-0.009258556179702282,0.9953660368919373)
objs[13].Weight=1
objs[13].EasingDirection=Enum.PoseEasingDirection.In
objs[13].EasingStyle=Enum.PoseEasingStyle.Linear
objs[13].Archivable=true
objs[14]=Instance.new("Pose")
objs[14].Parent=objs[12]
objs[14].Name="Left Arm"
objs[14].CFrame=CFrame.new(-0.22500266134738922,-0.5453641414642334,0.6618168354034424,-0.5942258238792419,0.7637864947319031,-0.2520439028739929,-0.4566093385219574,-0.06238086521625519,0.887477695941925,0.6621206402778625,0.6424476504325867,0.38582029938697815)
objs[14].Weight=1
objs[14].EasingDirection=Enum.PoseEasingDirection.In
objs[14].EasingStyle=Enum.PoseEasingStyle.Linear
objs[14].Archivable=true
objs[15]=Instance.new("Pose")
objs[15].Parent=objs[12]
objs[15].Name="Right Arm"
objs[15].CFrame=CFrame.new(0.9120263457298279,-0.534610390663147,-0.1411871314048767,-0.9294701218605042,-0.33212393522262573,0.16055874526500702,0.20132660865783691,-0.09198641777038574,0.9751954674720764,-0.3091164231300354,0.9387397170066833,0.15236398577690125)
objs[15].Weight=1
objs[15].EasingDirection=Enum.PoseEasingDirection.In
objs[15].EasingStyle=Enum.PoseEasingStyle.Linear
objs[15].Archivable=true
objs[16]=Instance.new("Pose")
objs[16].Parent=objs[12]
objs[16].Name="Left Leg"
objs[16].CFrame=CFrame.new(-0.33749884366989136,0.3428494334220886,0.14308714866638184,0.8960613012313843,-0.28501442074775696,0.34035420417785645,0.1538105309009552,0.9185195565223694,0.36423125863075256,-0.4164331555366516,-0.27402347326278687,0.8668878674507141)
objs[16].Weight=1
objs[16].EasingDirection=Enum.PoseEasingDirection.In
objs[16].EasingStyle=Enum.PoseEasingStyle.Linear
objs[16].Archivable=true
objs[17]=Instance.new("Pose")
objs[17].Parent=objs[12]
objs[17].Name="Right Leg"
objs[17].CFrame=CFrame.new(0.594935417175293,0.33330416679382324,0.06835126876831055,0.9630794525146484,0.24367687106132507,-0.1144532710313797,-0.21091009676456451,0.9471343159675598,0.24177168309688568,0.16731689870357513,-0.2087060660123825,0.9635595679283142)
objs[17].Weight=1
objs[17].EasingDirection=Enum.PoseEasingDirection.In
objs[17].EasingStyle=Enum.PoseEasingStyle.Linear
objs[17].Archivable=true
objs[18]=Instance.new("Keyframe")
objs[18].Parent=objs[1]
objs[18].Name="Keyframe"
objs[18].Time=0.06666667014360428
objs[18].Archivable=true
objs[19]=Instance.new("Pose")
objs[19].Parent=objs[18]
objs[19].Name="HumanoidRootPart"
objs[19].CFrame=CFrame.new(0,0,0,1,0,0,0,1,0,0,0,1)
objs[19].Weight=1
objs[19].EasingDirection=Enum.PoseEasingDirection.In
objs[19].EasingStyle=Enum.PoseEasingStyle.Linear
objs[19].Archivable=true
objs[20]=Instance.new("Pose")
objs[20].Parent=objs[19]
objs[20].Name="Torso"
objs[20].CFrame=CFrame.new(0.17324693500995636,-0.19829387962818146,-0.1934065818786621,0.9641267657279968,0.2596379816532135,0.05520611256361008,-0.25699442625045776,0.9650837182998657,-0.05066801235079765,-0.0664338618516922,0.03466271981596947,0.9971885681152344)
objs[20].Weight=1
objs[20].EasingDirection=Enum.PoseEasingDirection.In
objs[20].EasingStyle=Enum.PoseEasingStyle.Linear
objs[20].Archivable=true
objs[21]=Instance.new("Pose")
objs[21].Parent=objs[20]
objs[21].Name="Head"
objs[21].CFrame=CFrame.new(7.078051567077637e-08,-1.1175870895385742e-08,0,0.989580512046814,0.010079469531774521,-0.14362774789333344,-0.021210120990872383,0.9968686699867249,-0.07617764174938202,0.14241014420986176,0.07843026518821716,0.9866955876350403)
objs[21].Weight=1
objs[21].EasingDirection=Enum.PoseEasingDirection.In
objs[21].EasingStyle=Enum.PoseEasingStyle.Linear
objs[21].Archivable=true
objs[22]=Instance.new("Pose")
objs[22].Parent=objs[20]
objs[22].Name="Left Arm"
objs[22].CFrame=CFrame.new(-0.43882402777671814,-0.4644290804862976,0.4860866069793701,-0.48502272367477417,0.8517303466796875,-0.19826319813728333,-0.389247328042984,-0.007247154600918293,0.9211047887802124,0.7830961346626282,0.5239303708076477,0.3350489139556885)
objs[22].Weight=1
objs[22].EasingDirection=Enum.PoseEasingDirection.In
objs[22].EasingStyle=Enum.PoseEasingStyle.Linear
objs[22].Archivable=true
objs[23]=Instance.new("Pose")
objs[23].Parent=objs[20]
objs[23].Name="Right Arm"
objs[23].CFrame=CFrame.new(0.9555638432502747,-0.4762975871562958,-0.18924236297607422,-0.8250320553779602,-0.5388596653938293,0.1701538860797882,0.234331414103508,-0.05224665626883507,0.9707517623901367,-0.5142090320587158,0.84077388048172,0.16937711834907532)
objs[23].Weight=1
objs[23].EasingDirection=Enum.PoseEasingDirection.In
objs[23].EasingStyle=Enum.PoseEasingStyle.Linear
objs[23].Archivable=true
objs[24]=Instance.new("Pose")
objs[24].Parent=objs[20]
objs[24].Name="Left Leg"
objs[24].CFrame=CFrame.new(-0.18094131350517273,0.25551366806030273,0.11863923072814941,0.8778564929962158,-0.3313531279563904,0.3457935154438019,0.19790737330913544,0.908473789691925,0.3681143820285797,-0.4361201822757721,-0.2547166347503662,0.8630867600440979)
objs[24].Weight=1
objs[24].EasingDirection=Enum.PoseEasingDirection.In
objs[24].EasingStyle=Enum.PoseEasingStyle.Linear
objs[24].Archivable=true
objs[25]=Instance.new("Pose")
objs[25].Parent=objs[20]
objs[25].Name="Right Leg"
objs[25].CFrame=CFrame.new(0.4566118121147156,0.22988611459732056,0.06056022644042969,0.9694480895996094,0.2103695124387741,-0.12615495920181274,-0.1745043396949768,0.9529069066047668,0.24802550673484802,0.17239102721214294,-0.21843327581882477,0.9605042338371277)
objs[25].Weight=1
objs[25].EasingDirection=Enum.PoseEasingDirection.In
objs[25].EasingStyle=Enum.PoseEasingStyle.Linear
objs[25].Archivable=true
objs[26]=Instance.new("Keyframe")
objs[26].Parent=objs[1]
objs[26].Name="Keyframe"
objs[26].Time=0.10000000149011612
objs[26].Archivable=true
objs[27]=Instance.new("Pose")
objs[27].Parent=objs[26]
objs[27].Name="HumanoidRootPart"
objs[27].CFrame=CFrame.new(0,0,0,1,0,0,0,1,0,0,0,1)
objs[27].Weight=1
objs[27].EasingDirection=Enum.PoseEasingDirection.In
objs[27].EasingStyle=Enum.PoseEasingStyle.Linear
objs[27].Archivable=true
objs[28]=Instance.new("Pose")
objs[28].Parent=objs[27]
objs[28].Name="Torso"
objs[28].CFrame=CFrame.new(0.321368008852005,-0.21646945178508759,-0.15082764625549316,0.938180685043335,0.3301323652267456,0.1040656566619873,-0.3326707184314728,0.9430127739906311,0.007554839365184307,-0.0956411361694336,-0.041707396507263184,0.9945418238639832)
objs[28].Weight=1
objs[28].EasingDirection=Enum.PoseEasingDirection.In
objs[28].EasingStyle=Enum.PoseEasingStyle.Linear
objs[28].Archivable=true
objs[29]=Instance.new("Pose")
objs[29].Parent=objs[28]
objs[29].Name="Head"
objs[29].CFrame=CFrame.new(1.1175870895385742e-07,-2.9802322387695312e-08,1.1920928955078125e-07,0.9807420372962952,0.03593666851520538,-0.19197304546833038,-0.07047604769468307,0.9818190336227417,-0.17625129222869873,0.18214891850948334,0.18638654053211212,0.9654439091682434)
objs[29].Weight=1
objs[29].EasingDirection=Enum.PoseEasingDirection.In
objs[29].EasingStyle=Enum.PoseEasingStyle.Linear
objs[29].Archivable=true
objs[30]=Instance.new("Pose")
objs[30].Parent=objs[28]
objs[30].Name="Left Arm"
objs[30].CFrame=CFrame.new(-0.6496923565864563,-0.3670658469200134,0.1717149019241333,-0.283837229013443,0.9458377957344055,-0.1575670689344406,-0.3254985213279724,0.059526361525058746,0.9436670541763306,0.9019352197647095,0.319135844707489,0.29097285866737366)
objs[30].Weight=1
objs[30].EasingDirection=Enum.PoseEasingDirection.In
objs[30].EasingStyle=Enum.PoseEasingStyle.Linear
objs[30].Archivable=true
objs[31]=Instance.new("Pose")
objs[31].Parent=objs[28]
objs[31].Name="Right Arm"
objs[31].CFrame=CFrame.new(0.927456259727478,-0.3711759150028229,-0.347461462020874,-0.5793404579162598,-0.7985684871673584,0.16325697302818298,0.24579769372940063,0.019803958013653755,0.9691188931465149,-0.7771410346031189,0.6015781760215759,0.18481318652629852)
objs[31].Weight=1
objs[31].EasingDirection=Enum.PoseEasingDirection.In
objs[31].EasingStyle=Enum.PoseEasingStyle.Linear
objs[31].Archivable=true
objs[32]=Instance.new("Pose")
objs[32].Parent=objs[28]
objs[32].Name="Left Leg"
objs[32].CFrame=CFrame.new(-0.09166362881660461,0.2183588147163391,0.10310602188110352,0.8351796865463257,-0.41839638352394104,0.3569587469100952,0.2822621166706085,0.8831285834312439,0.3747158646583557,-0.4720201790332794,-0.2121988981962204,0.8556684851646423)
objs[32].Weight=1
objs[32].EasingDirection=Enum.PoseEasingDirection.In
objs[32].EasingStyle=Enum.PoseEasingStyle.Linear
objs[32].Archivable=true
objs[33]=Instance.new("Pose")
objs[33].Parent=objs[28]
objs[33].Name="Right Leg"
objs[33].CFrame=CFrame.new(0.38051730394363403,0.1845136284828186,0.04872620105743408,0.9697429537773132,0.20809681713581085,-0.1276501566171646,-0.1683025062084198,0.9486331343650818,0.26789817214012146,0.1768416464328766,-0.23830853402614594,0.9549534916877747)
objs[33].Weight=1
objs[33].EasingDirection=Enum.PoseEasingDirection.In
objs[33].EasingStyle=Enum.PoseEasingStyle.Linear
objs[33].Archivable=true
objs[34]=Instance.new("Keyframe")
objs[34].Parent=objs[1]
objs[34].Name="Keyframe"
objs[34].Time=0.13333334028720856
objs[34].Archivable=true
objs[35]=Instance.new("Pose")
objs[35].Parent=objs[34]
objs[35].Name="HumanoidRootPart"
objs[35].CFrame=CFrame.new(0,0,0,1,0,0,0,1,0,0,0,1)
objs[35].Weight=1
objs[35].EasingDirection=Enum.PoseEasingDirection.In
objs[35].EasingStyle=Enum.PoseEasingStyle.Linear
objs[35].Archivable=true
objs[36]=Instance.new("Pose")
objs[36].Parent=objs[35]
objs[36].Name="Torso"
objs[36].CFrame=CFrame.new(0.48213714361190796,-0.2329777479171753,-0.16223955154418945,0.9030538201332092,0.40121063590049744,0.15337489545345306,-0.4146311283111572,0.9074888825416565,0.06741666048765182,-0.11213771253824234,-0.12447485327720642,0.9858657717704773)
objs[36].Weight=1
objs[36].EasingDirection=Enum.PoseEasingDirection.In
objs[36].EasingStyle=Enum.PoseEasingStyle.Linear
objs[36].Archivable=true
objs[37]=Instance.new("Pose")
objs[37].Parent=objs[36]
objs[37].Name="Head"
objs[37].CFrame=CFrame.new(8.940696716308594e-08,-1.4901161193847656e-08,-1.1920928955078125e-07,0.9710394144058228,0.06719517707824707,-0.22927579283714294,-0.1326797753572464,0.949722170829773,-0.28359127044677734,0.19869232177734375,0.30579859018325806,0.9311330318450928)
objs[37].Weight=1
objs[37].EasingDirection=Enum.PoseEasingDirection.In
objs[37].EasingStyle=Enum.PoseEasingStyle.Linear
objs[37].Archivable=true
objs[38]=Instance.new("Pose")
objs[38].Parent=objs[36]
objs[38].Name="Left Arm"
objs[38].CFrame=CFrame.new(-0.7322402000427246,-0.32739824056625366,-0.05811905860900879,-0.15377044677734375,0.9788223505020142,-0.13513541221618652,-0.2810458838939667,0.0877874493598938,0.9556707739830017,0.9472950100898743,0.18493300676345825,0.2615947127342224)
objs[38].Weight=1
objs[38].EasingDirection=Enum.PoseEasingDirection.In
objs[38].EasingStyle=Enum.PoseEasingStyle.Linear
objs[38].Archivable=true
objs[39]=Instance.new("Pose")
objs[39].Parent=objs[36]
objs[39].Name="Right Arm"
objs[39].CFrame=CFrame.new(0.9111666679382324,-0.31386780738830566,-0.39604008197784424,-0.40512198209762573,-0.8999273777008057,0.16126656532287598,0.2511451244354248,0.060063354671001434,0.9660841822624207,-0.879091739654541,0.4318830668926239,0.20167940855026245)
objs[39].Weight=1
objs[39].EasingDirection=Enum.PoseEasingDirection.In
objs[39].EasingStyle=Enum.PoseEasingStyle.Linear
objs[39].Archivable=true
objs[40]=Instance.new("Pose")
objs[40].Parent=objs[36]
objs[40].Name="Left Leg"
objs[40].CFrame=CFrame.new(-0.05756121873855591,0.1949416995048523,0.09797143936157227,0.7622043490409851,-0.5285515785217285,0.37373510003089905,0.397096186876297,0.8377188444137573,0.37488895654678345,-0.5112330317497253,-0.13733313977718353,0.848398745059967)
objs[40].Weight=1
objs[40].EasingDirection=Enum.PoseEasingDirection.In
objs[40].EasingStyle=Enum.PoseEasingStyle.Linear
objs[40].Archivable=true
objs[41]=Instance.new("Pose")
objs[41].Parent=objs[36]
objs[41].Name="Right Leg"
objs[41].CFrame=CFrame.new(0.3620496988296509,0.17019563913345337,0.039186954498291016,0.9712289571762085,0.2194874882698059,-0.09240951389074326,-0.18264101445674896,0.9355116486549377,0.3024243712425232,0.15282876789569855,-0.27684542536735535,0.9486833214759827)
objs[41].Weight=1
objs[41].EasingDirection=Enum.PoseEasingDirection.In
objs[41].EasingStyle=Enum.PoseEasingStyle.Linear
objs[41].Archivable=true
objs[42]=Instance.new("Keyframe")
objs[42].Parent=objs[1]
objs[42].Name="Keyframe"
objs[42].Time=0.1666666716337204
objs[42].Archivable=true
objs[43]=Instance.new("Pose")
objs[43].Parent=objs[42]
objs[43].Name="HumanoidRootPart"
objs[43].CFrame=CFrame.new(0,0,0,1,0,0,0,1,0,0,0,1)
objs[43].Weight=1
objs[43].EasingDirection=Enum.PoseEasingDirection.In
objs[43].EasingStyle=Enum.PoseEasingStyle.Linear
objs[43].Archivable=true
objs[44]=Instance.new("Pose")
objs[44].Parent=objs[43]
objs[44].Name="Torso"
objs[44].CFrame=CFrame.new(0.6111028790473938,-0.2549129128456116,-0.27161455154418945,0.8555729985237122,0.473761647939682,0.20867407321929932,-0.5043754577636719,0.8536656498908997,0.1298476904630661,-0.11662104725837708,-0.21634423732757568,0.969326913356781)
objs[44].Weight=1
objs[44].EasingDirection=Enum.PoseEasingDirection.In
objs[44].EasingStyle=Enum.PoseEasingStyle.Linear
objs[44].Archivable=true
objs[45]=Instance.new("Pose")
objs[45].Parent=objs[44]
objs[45].Name="Head"
objs[45].CFrame=CFrame.new(9.685754776000977e-08,-8.940696716308594e-08,3.5762786865234375e-07,0.966262936592102,0.07247929275035858,-0.247149258852005,-0.16898466646671295,0.9025776982307434,-0.39597684144973755,0.1943712681531906,0.42438220977783203,0.8843752145767212)
objs[45].Weight=1
objs[45].EasingDirection=Enum.PoseEasingDirection.In
objs[45].EasingStyle=Enum.PoseEasingStyle.Linear
objs[45].Archivable=true
objs[46]=Instance.new("Pose")
objs[46].Parent=objs[44]
objs[46].Name="Left Arm"
objs[46].CFrame=CFrame.new(-0.730196475982666,-0.35349082946777344,-0.1787143349647522,-0.175619438290596,0.9732623100280762,-0.1480492800474167,-0.2937040328979492,0.09173920750617981,0.9514840841293335,0.9396254420280457,0.2105814516544342,0.2697398364543915)
objs[46].Weight=1
objs[46].EasingDirection=Enum.PoseEasingDirection.In
objs[46].EasingStyle=Enum.PoseEasingStyle.Linear
objs[46].Archivable=true
objs[47]=Instance.new("Pose")
objs[47].Parent=objs[44]
objs[47].Name="Right Arm"
objs[47].CFrame=CFrame.new(0.8816167712211609,-0.34148746728897095,-0.2268592119216919,-0.36863166093826294,-0.9089692831039429,0.19464291632175446,0.31344085931777954,0.07558436691761017,0.9465948343276978,-0.875137448310852,0.4099535048007965,0.2570452392101288)
objs[47].Weight=1
objs[47].EasingDirection=Enum.PoseEasingDirection.In
objs[47].EasingStyle=Enum.PoseEasingStyle.Linear
objs[47].Archivable=true
objs[48]=Instance.new("Pose")
objs[48].Parent=objs[44]
objs[48].Name="Left Leg"
objs[48].CFrame=CFrame.new(-0.0700574517250061,0.20619195699691772,0.1240842342376709,0.6305659413337708,-0.6631481051445007,0.4032631516456604,0.5349088311195374,0.7477913498878479,0.3932947814464569,-0.5623693466186523,-0.03228948265314102,0.8262555599212646)
objs[48].Weight=1
objs[48].EasingDirection=Enum.PoseEasingDirection.In
objs[48].EasingStyle=Enum.PoseEasingStyle.Linear
objs[48].Archivable=true
objs[49]=Instance.new("Pose")
objs[49].Parent=objs[44]
objs[49].Name="Right Leg"
objs[49].CFrame=CFrame.new(0.47100216150283813,0.1998753547668457,0.013218522071838379,0.9599294066429138,0.2801874876022339,-0.005518673453480005,-0.2616783678531647,0.9032166004180908,0.34018293023109436,0.10029980540275574,-0.3251073360443115,0.9403430819511414)
objs[49].Weight=1
objs[49].EasingDirection=Enum.PoseEasingDirection.In
objs[49].EasingStyle=Enum.PoseEasingStyle.Linear
objs[49].Archivable=true
objs[50]=Instance.new("Keyframe")
objs[50].Parent=objs[1]
objs[50].Name="Keyframe"
objs[50].Time=0.20000000298023224
objs[50].Archivable=true
objs[51]=Instance.new("Pose")
objs[51].Parent=objs[50]
objs[51].Name="HumanoidRootPart"
objs[51].CFrame=CFrame.new(0,0,0,1,0,0,0,1,0,0,0,1)
objs[51].Weight=1
objs[51].EasingDirection=Enum.PoseEasingDirection.In
objs[51].EasingStyle=Enum.PoseEasingStyle.Linear
objs[51].Archivable=true
objs[52]=Instance.new("Pose")
objs[52].Parent=objs[51]
objs[52].Name="Torso"
objs[52].CFrame=CFrame.new(0.7197809219360352,-0.2814614176750183,-0.3822760581970215,0.8039319515228271,0.5335257649421692,0.26276159286499023,-0.5844132900238037,0.790612518787384,0.18273749947547913,-0.11024744063615799,-0.30046987533569336,0.9473981857299805)
objs[52].Weight=1
objs[52].EasingDirection=Enum.PoseEasingDirection.In
objs[52].EasingStyle=Enum.PoseEasingStyle.Linear
objs[52].Archivable=true
objs[53]=Instance.new("Pose")
objs[53].Parent=objs[52]
objs[53].Name="Head"
objs[53].CFrame=CFrame.new(6.705522537231445e-08,-7.450580596923828e-09,-3.5762786865234375e-07,0.9685602784156799,0.0494360513985157,-0.24381786584854126,-0.16773009300231934,0.85357266664505,-0.4932347238063812,0.18373270332813263,0.5186231732368469,0.835028350353241)
objs[53].Weight=1
objs[53].EasingDirection=Enum.PoseEasingDirection.In
objs[53].EasingStyle=Enum.PoseEasingStyle.Linear
objs[53].Archivable=true
objs[54]=Instance.new("Pose")
objs[54].Parent=objs[52]
objs[54].Name="Left Arm"
objs[54].CFrame=CFrame.new(-0.6740386486053467,-0.3820856213569641,-0.3945424556732178,-0.15095770359039307,0.9628804326057434,-0.22377043962478638,-0.38089635968208313,0.15223020315170288,0.9120000004768372,0.9122114777565002,0.22290664911270142,0.3437773585319519)
objs[54].Weight=1
objs[54].EasingDirection=Enum.PoseEasingDirection.In
objs[54].EasingStyle=Enum.PoseEasingStyle.Linear
objs[54].Archivable=true
objs[55]=Instance.new("Pose")
objs[55].Parent=objs[52]
objs[55].Name="Right Arm"
objs[55].CFrame=CFrame.new(0.7489482164382935,-0.37597644329071045,-0.17266368865966797,-0.23782619833946228,-0.9366742372512817,0.25706058740615845,0.4309994578361511,0.1354045420885086,0.8921352028846741,-0.8704471588134766,0.32296621799468994,0.3715032935142517)
objs[55].Weight=1
objs[55].EasingDirection=Enum.PoseEasingDirection.In
objs[55].EasingStyle=Enum.PoseEasingStyle.Linear
objs[55].Archivable=true
objs[56]=Instance.new("Pose")
objs[56].Parent=objs[52]
objs[56].Name="Left Leg"
objs[56].CFrame=CFrame.new(-0.054169416427612305,0.2079916000366211,0.14103257656097412,0.4932241439819336,-0.7553029656410217,0.4315636456012726,0.6376545429229736,0.6513693928718567,0.4112358093261719,-0.5917149782180786,0.07235711812973022,0.8028934597969055)
objs[56].Weight=1
objs[56].EasingDirection=Enum.PoseEasingDirection.In
objs[56].EasingStyle=Enum.PoseEasingStyle.Linear
objs[56].Archivable=true
objs[57]=Instance.new("Pose")
objs[57].Parent=objs[52]
objs[57].Name="Right Leg"
objs[57].CFrame=CFrame.new(0.5649818778038025,0.2147902250289917,-0.028565168380737305,0.9431241750717163,0.31834205985069275,0.09578761458396912,-0.3306545317173004,0.8684441447257996,0.3694215714931488,0.03441620618104935,-0.38008299469947815,0.9243119359016418)
objs[57].Weight=1
objs[57].EasingDirection=Enum.PoseEasingDirection.In
objs[57].EasingStyle=Enum.PoseEasingStyle.Linear
objs[57].Archivable=true
objs[58]=Instance.new("Keyframe")
objs[58].Parent=objs[1]
objs[58].Name="Keyframe"
objs[58].Time=0.23333333432674408
objs[58].Archivable=true
objs[59]=Instance.new("Pose")
objs[59].Parent=objs[58]
objs[59].Name="HumanoidRootPart"
objs[59].CFrame=CFrame.new(0,0,0,1,0,0,0,1,0,0,0,1)
objs[59].Weight=1
objs[59].EasingDirection=Enum.PoseEasingDirection.In
objs[59].EasingStyle=Enum.PoseEasingStyle.Linear
objs[59].Archivable=true
objs[60]=Instance.new("Pose")
objs[60].Parent=objs[59]
objs[60].Name="Torso"
objs[60].CFrame=CFrame.new(0.807540774345398,-0.3058430850505829,-0.3463630676269531,0.7617121338844299,0.5720587968826294,0.3042096495628357,-0.6402396559715271,0.7366237044334412,0.21789631247520447,-0.09943854808807373,-0.3607413172721863,0.9273498058319092)
objs[60].Weight=1
objs[60].EasingDirection=Enum.PoseEasingDirection.In
objs[60].EasingStyle=Enum.PoseEasingStyle.Linear
objs[60].Archivable=true
objs[61]=Instance.new("Pose")
objs[61].Parent=objs[60]
objs[61].Name="Head"
objs[61].CFrame=CFrame.new(1.1548399925231934e-07,-8.195638656616211e-08,-5.960464477539063e-08,0.9735910296440125,0.0065200449898839,-0.2282065451145172,-0.1365065574645996,0.8178487420082092,-0.5590077042579651,0.18299365043640137,0.5753964781761169,0.7971401214599609)
objs[61].Weight=1
objs[61].EasingDirection=Enum.PoseEasingDirection.In
objs[61].EasingStyle=Enum.PoseEasingStyle.Linear
objs[61].Archivable=true
objs[62]=Instance.new("Pose")
objs[62].Parent=objs[60]
objs[62].Name="Left Arm"
objs[62].CFrame=CFrame.new(-0.5539015531539917,-0.486369252204895,-0.43700075149536133,-0.13105227053165436,0.9278340935707092,-0.34921252727508545,-0.5288819074630737,0.23250430822372437,0.8162266612052917,0.838516116142273,0.2916603982448578,0.46024423837661743)
objs[62].Weight=1
objs[62].EasingDirection=Enum.PoseEasingDirection.In
objs[62].EasingStyle=Enum.PoseEasingStyle.Linear
objs[62].Archivable=true
objs[63]=Instance.new("Pose")
objs[63].Parent=objs[60]
objs[63].Name="Right Arm"
objs[63].CFrame=CFrame.new(0.555748462677002,-0.47178635001182556,-0.07671630382537842,-0.16453655064105988,-0.9290688633918762,0.3312983810901642,0.5768665671348572,0.18180939555168152,0.7963481545448303,-0.8000954389572144,0.32214364409446716,0.5060346722602844)
objs[63].Weight=1
objs[63].EasingDirection=Enum.PoseEasingDirection.In
objs[63].EasingStyle=Enum.PoseEasingStyle.Linear
objs[63].Archivable=true
objs[64]=Instance.new("Pose")
objs[64].Parent=objs[60]
objs[64].Name="Left Leg"
objs[64].CFrame=CFrame.new(0.05723583698272705,0.16253936290740967,0.09960603713989258,0.43623173236846924,-0.7783905863761902,0.451453298330307,0.6733306646347046,0.6151919960975647,0.4100785553455353,-0.5969318747520447,0.1250881552696228,0.7924805879592896)
objs[64].Weight=1
objs[64].EasingDirection=Enum.PoseEasingDirection.In
objs[64].EasingStyle=Enum.PoseEasingStyle.Linear
objs[64].Archivable=true
objs[65]=Instance.new("Pose")
objs[65].Parent=objs[60]
objs[65].Name="Right Leg"
objs[65].CFrame=CFrame.new(0.4971001446247101,0.1500796675682068,-0.03230881690979004,0.9414513111114502,0.2874302864074707,0.17622017860412598,-0.3338792324066162,0.8674502968788147,0.3688560128211975,-0.04684187099337578,-0.40609610080718994,0.9126290082931519)
objs[65].Weight=1
objs[65].EasingDirection=Enum.PoseEasingDirection.In
objs[65].EasingStyle=Enum.PoseEasingStyle.Linear
objs[65].Archivable=true
objs[66]=Instance.new("Keyframe")
objs[66].Parent=objs[1]
objs[66].Name="Keyframe"
objs[66].Time=0.2666666805744171
objs[66].Archivable=true
objs[67]=Instance.new("Pose")
objs[67].Parent=objs[66]
objs[67].Name="HumanoidRootPart"
objs[67].CFrame=CFrame.new(0,0,0,1,0,0,0,1,0,0,0,1)
objs[67].Weight=1
objs[67].EasingDirection=Enum.PoseEasingDirection.In
objs[67].EasingStyle=Enum.PoseEasingStyle.Linear
objs[67].Archivable=true
objs[68]=Instance.new("Pose")
objs[68].Parent=objs[67]
objs[68].Name="Torso"
objs[68].CFrame=CFrame.new(0.8975702524185181,-0.31637027859687805,-0.28314638137817383,0.744400143623352,0.5858690142631531,0.32035282254219055,-0.6611578464508057,0.7138694524765015,0.23078304529190063,-0.09348144382238388,-0.383598655462265,0.9187564849853516)
objs[68].Weight=1
objs[68].EasingDirection=Enum.PoseEasingDirection.In
objs[68].EasingStyle=Enum.PoseEasingStyle.Linear
objs[68].Archivable=true
objs[69]=Instance.new("Pose")
objs[69].Parent=objs[68]
objs[69].Name="Head"
objs[69].CFrame=CFrame.new(1.8998980522155762e-07,4.842877388000488e-08,-5.960464477539063e-08,0.9742810130119324,-0.04891720414161682,-0.21996265649795532,-0.0899229347705841,0.8106557726860046,-0.5785769820213318,0.2066163271665573,0.5834762454032898,0.7854077219963074)
objs[69].Weight=1
objs[69].EasingDirection=Enum.PoseEasingDirection.In
objs[69].EasingStyle=Enum.PoseEasingStyle.Linear
objs[69].Archivable=true
objs[70]=Instance.new("Pose")
objs[70].Parent=objs[68]
objs[70].Name="Left Arm"
objs[70].CFrame=CFrame.new(-0.42542922496795654,-0.64003586769104,-0.31101399660110474,-0.27657976746559143,0.8936987519264221,-0.3532795011997223,-0.5620556473731995,0.14774984121322632,0.8137956261634827,0.7794852256774902,0.4236421287059784,0.4614436626434326)
objs[70].Weight=1
objs[70].EasingDirection=Enum.PoseEasingDirection.In
objs[70].EasingStyle=Enum.PoseEasingStyle.Linear
objs[70].Archivable=true
objs[71]=Instance.new("Pose")
objs[71].Parent=objs[68]
objs[71].Name="Right Arm"
objs[71].CFrame=CFrame.new(0.3329055905342102,-0.6034477353096008,-0.0161973237991333,-0.19720320403575897,-0.9298102855682373,0.31074678897857666,0.6417142152786255,0.11720426380634308,0.7579352259635925,-0.7411569952964783,0.34887808561325073,0.5735596418380737)
objs[71].Weight=1
objs[71].EasingDirection=Enum.PoseEasingDirection.In
objs[71].EasingStyle=Enum.PoseEasingStyle.Linear
objs[71].Archivable=true
objs[72]=Instance.new("Pose")
objs[72].Parent=objs[68]
objs[72].Name="Left Leg"
objs[72].CFrame=CFrame.new(0.11669814586639404,0.10787701606750488,0.04755806922912598,0.44525036215782166,-0.7701956033706665,0.45667392015457153,0.685712993144989,0.621271550655365,0.3792349696159363,-0.5758037567138672,0.14429299533367157,0.8047545552253723)
objs[72].Weight=1
objs[72].EasingDirection=Enum.PoseEasingDirection.In
objs[72].EasingStyle=Enum.PoseEasingStyle.Linear
objs[72].Archivable=true
objs[73]=Instance.new("Pose")
objs[73].Parent=objs[68]
objs[73].Name="Right Leg"
objs[73].CFrame=CFrame.new(0.33652639389038086,0.10752302408218384,0.010944366455078125,0.9575005173683167,0.20130695402622223,0.20656350255012512,-0.26729002594947815,0.8884220719337463,0.3731784224510193,-0.10839229822158813,-0.4125310480594635,0.9044718742370605)
objs[73].Weight=1
objs[73].EasingDirection=Enum.PoseEasingDirection.In
objs[73].EasingStyle=Enum.PoseEasingStyle.Linear
objs[73].Archivable=true
objs[74]=Instance.new("Keyframe")
objs[74].Parent=objs[1]
objs[74].Name="Keyframe"
objs[74].Time=0.30000001192092896
objs[74].Archivable=true
objs[75]=Instance.new("Pose")
objs[75].Parent=objs[74]
objs[75].Name="HumanoidRootPart"
objs[75].CFrame=CFrame.new(0,0,0,1,0,0,0,1,0,0,0,1)
objs[75].Weight=1
objs[75].EasingDirection=Enum.PoseEasingDirection.In
objs[75].EasingStyle=Enum.PoseEasingStyle.Linear
objs[75].Archivable=true
objs[76]=Instance.new("Pose")
objs[76].Parent=objs[75]
objs[76].Name="Torso"
objs[76].CFrame=CFrame.new(0.9203261733055115,-0.32900118827819824,-0.29609012603759766,0.7626588940620422,0.5595414638519287,0.32444560527801514,-0.6352871060371399,0.7422502636909485,0.21324850618839264,-0.1214984580874443,-0.36875197291374207,0.9215530753135681)
objs[76].Weight=1
objs[76].EasingDirection=Enum.PoseEasingDirection.In
objs[76].EasingStyle=Enum.PoseEasingStyle.Linear
objs[76].Archivable=true
objs[77]=Instance.new("Pose")
objs[77].Parent=objs[76]
objs[77].Name="Head"
objs[77].CFrame=CFrame.new(1.1920928955078125e-07,-2.0116567611694336e-07,2.384185791015625e-07,0.9599427580833435,-0.11199787259101868,-0.25683918595314026,-0.048545029014348984,0.8363008499145508,-0.5461174845695496,0.275958776473999,0.5367098450660706,0.7973639369010925)
objs[77].Weight=1
objs[77].EasingDirection=Enum.PoseEasingDirection.In
objs[77].EasingStyle=Enum.PoseEasingStyle.Linear
objs[77].Archivable=true
objs[78]=Instance.new("Pose")
objs[78].Parent=objs[76]
objs[78].Name="Left Arm"
objs[78].CFrame=CFrame.new(-0.2683265209197998,-0.8025350570678711,-0.05010741949081421,-0.4878414571285248,0.8097323179244995,-0.3261054456233978,-0.547950804233551,0.006753543857485056,0.8364832401275635,0.6795297265052795,0.5867606401443481,0.44039878249168396)
objs[78].Weight=1
objs[78].EasingDirection=Enum.PoseEasingDirection.In
objs[78].EasingStyle=Enum.PoseEasingStyle.Linear
objs[78].Archivable=true
objs[79]=Instance.new("Pose")
objs[79].Parent=objs[76]
objs[79].Name="Right Arm"
objs[79].CFrame=CFrame.new(0.13452981412410736,-0.8721166849136353,0.14517223834991455,-0.535461962223053,-0.7865426540374756,0.3076217472553253,0.6355015635490417,-0.1353386640548706,0.7601454854011536,-0.5562538504600525,0.6025232076644897,0.5723179578781128)
objs[79].Weight=1
objs[79].EasingDirection=Enum.PoseEasingDirection.In
objs[79].EasingStyle=Enum.PoseEasingStyle.Linear
objs[79].Archivable=true
objs[80]=Instance.new("Pose")
objs[80].Parent=objs[76]
objs[80].Name="Left Leg"
objs[80].CFrame=CFrame.new(0.028464078903198242,0.08202528953552246,0.08369612693786621,0.46279996633529663,-0.780011773109436,0.42118629813194275,0.6997854113578796,0.6131336688995361,0.36656153202056885,-0.5441659092903137,0.12509532272815704,0.829599142074585)
objs[80].Weight=1
objs[80].EasingDirection=Enum.PoseEasingDirection.In
objs[80].EasingStyle=Enum.PoseEasingStyle.Linear
objs[80].Archivable=true
objs[81]=Instance.new("Pose")
objs[81].Parent=objs[76]
objs[81].Name="Right Leg"
objs[81].CFrame=CFrame.new(0.31489598751068115,0.10016149282455444,0.015049576759338379,0.964375913143158,0.2077774554491043,0.16373130679130554,-0.25555336475372314,0.8916594386100769,0.3736788332462311,-0.0683501660823822,-0.40220892429351807,0.9129930734634399)
objs[81].Weight=1
objs[81].EasingDirection=Enum.PoseEasingDirection.In
objs[81].EasingStyle=Enum.PoseEasingStyle.Linear
objs[81].Archivable=true
objs[82]=Instance.new("Keyframe")
objs[82].Parent=objs[1]
objs[82].Name="Keyframe"
objs[82].Time=0.3333333432674408
objs[82].Archivable=true
objs[83]=Instance.new("Pose")
objs[83].Parent=objs[82]
objs[83].Name="HumanoidRootPart"
objs[83].CFrame=CFrame.new(0,0,0,1,0,0,0,1,0,0,0,1)
objs[83].Weight=1
objs[83].EasingDirection=Enum.PoseEasingDirection.In
objs[83].EasingStyle=Enum.PoseEasingStyle.Linear
objs[83].Archivable=true
objs[84]=Instance.new("Pose")
objs[84].Parent=objs[83]
objs[84].Name="Torso"
objs[84].CFrame=CFrame.new(0.9819051027297974,-0.2922598719596863,-0.4259970188140869,0.8180378079414368,0.5008783340454102,0.28272780776023865,-0.5476475954055786,0.8285248279571533,0.11674224585294724,-0.17577333748340607,-0.250334769487381,0.9520694613456726)
objs[84].Weight=1
objs[84].EasingDirection=Enum.PoseEasingDirection.In
objs[84].EasingStyle=Enum.PoseEasingStyle.Linear
objs[84].Archivable=true
objs[85]=Instance.new("Pose")
objs[85].Parent=objs[84]
objs[85].Name="Head"
objs[85].CFrame=CFrame.new(-8.940696716308594e-08,-1.4901161193847656e-08,1.1920928955078125e-07,0.9329798817634583,-0.13946077227592468,-0.33181232213974,-0.005275682080537081,0.9164854884147644,-0.40003320574760437,0.3598901331424713,0.3749734163284302,0.8543266654014587)
objs[85].Weight=1
objs[85].EasingDirection=Enum.PoseEasingDirection.In
objs[85].EasingStyle=Enum.PoseEasingStyle.Linear
objs[85].Archivable=true
objs[86]=Instance.new("Pose")
objs[86].Parent=objs[84]
objs[86].Name="Left Arm"
objs[86].CFrame=CFrame.new(-0.06948983669281006,-0.8975393772125244,0.13486933708190918,-0.6092901229858398,0.7176706194877625,-0.3372158110141754,-0.5599620342254639,-0.08831578493118286,0.8237977623939514,0.5614339113235474,0.6907598972320557,0.4556783437728882)
objs[86].Weight=1
objs[86].EasingDirection=Enum.PoseEasingDirection.In
objs[86].EasingStyle=Enum.PoseEasingStyle.Linear
objs[86].Archivable=true
objs[87]=Instance.new("Pose")
objs[87].Parent=objs[84]
objs[87].Name="Right Arm"
objs[87].CFrame=CFrame.new(0.21159124374389648,-1.0741660594940186,0.19780313968658447,-0.7850637435913086,-0.4236537218093872,0.4518764317035675,0.6006627082824707,-0.342548668384552,0.7224022746086121,-0.15125885605812073,0.8385570645332336,0.5233953595161438)
objs[87].Weight=1
objs[87].EasingDirection=Enum.PoseEasingDirection.In
objs[87].EasingStyle=Enum.PoseEasingStyle.Linear
objs[87].Archivable=true
objs[88]=Instance.new("Pose")
objs[88].Parent=objs[84]
objs[88].Name="Left Leg"
objs[88].CFrame=CFrame.new(-0.3804667890071869,0.08809226751327515,0.16625654697418213,0.5465987324714661,-0.7609649896621704,0.3495168685913086,0.7055380344390869,0.6433167457580566,0.2972542643547058,-0.4510499835014343,0.08411835879087448,0.8885257244110107)
objs[88].Weight=1
objs[88].EasingDirection=Enum.PoseEasingDirection.In
objs[88].EasingStyle=Enum.PoseEasingStyle.Linear
objs[88].Archivable=true
objs[89]=Instance.new("Pose")
objs[89].Parent=objs[84]
objs[89].Name="Right Leg"
objs[89].CFrame=CFrame.new(0.47135183215141296,0.18983900547027588,0.01861715316772461,0.9799721240997314,0.19899538159370422,0.0074563175439834595,-0.1853068768978119,0.8975725173950195,0.40003150701522827,0.07291178405284882,-0.3934013843536377,0.9164710640907288)
objs[89].Weight=1
objs[89].EasingDirection=Enum.PoseEasingDirection.In
objs[89].EasingStyle=Enum.PoseEasingStyle.Linear
objs[89].Archivable=true
objs[90]=Instance.new("Keyframe")
objs[90].Parent=objs[1]
objs[90].Name="Keyframe"
objs[90].Time=0.36666667461395264
objs[90].Archivable=true
objs[91]=Instance.new("Pose")
objs[91].Parent=objs[90]
objs[91].Name="HumanoidRootPart"
objs[91].CFrame=CFrame.new(0,0,0,1,0,0,0,1,0,0,0,1)
objs[91].Weight=1
objs[91].EasingDirection=Enum.PoseEasingDirection.In
objs[91].EasingStyle=Enum.PoseEasingStyle.Linear
objs[91].Archivable=true
objs[92]=Instance.new("Pose")
objs[92].Parent=objs[91]
objs[92].Name="Torso"
objs[92].CFrame=CFrame.new(1.0675506591796875,-0.19562432169914246,-0.6167662143707275,0.8967525959014893,0.3824338912963867,0.22266416251659393,-0.38191911578178406,0.9229927659034729,-0.047141630202531815,-0.22354596853256226,-0.042765334248542786,0.9737547636032104)
objs[92].Weight=1
objs[92].EasingDirection=Enum.PoseEasingDirection.In
objs[92].EasingStyle=Enum.PoseEasingStyle.Linear
objs[92].Archivable=true
objs[93]=Instance.new("Pose")
objs[93].Parent=objs[92]
objs[93].Name="Head"
objs[93].CFrame=CFrame.new(3.725290298461914e-08,-4.470348358154297e-08,0,0.9113048911094666,-0.07184327393770218,-0.40541592240333557,0.011721580289304256,0.9887868165969849,-0.14887367188930511,0.41156548261642456,0.1309172362089157,0.9019283056259155)
objs[93].Weight=1
objs[93].EasingDirection=Enum.PoseEasingDirection.In
objs[93].EasingStyle=Enum.PoseEasingStyle.Linear
objs[93].Archivable=true
objs[94]=Instance.new("Pose")
objs[94].Parent=objs[92]
objs[94].Name="Left Arm"
objs[94].CFrame=CFrame.new(0.363931804895401,-0.7693422436714172,0.0667412281036377,-0.26190635561943054,0.766406238079071,-0.5865375399589539,-0.8657118678092957,0.0820462629199028,0.4937727749347687,0.4265536069869995,0.6370948553085327,0.6419985294342041)
objs[94].Weight=1
objs[94].EasingDirection=Enum.PoseEasingDirection.In
objs[94].EasingStyle=Enum.PoseEasingStyle.Linear
objs[94].Archivable=true
objs[95]=Instance.new("Pose")
objs[95].Parent=objs[92]
objs[95].Name="Right Arm"
objs[95].CFrame=CFrame.new(-0.02427971363067627,-0.999515175819397,0.26360929012298584,-0.42761799693107605,-0.32330024242401123,0.8441681861877441,0.901760458946228,-0.21766476333141327,0.37343019247055054,0.06301579624414444,0.9209229946136475,0.3846166729927063)
objs[95].Weight=1
objs[95].EasingDirection=Enum.PoseEasingDirection.In
objs[95].EasingStyle=Enum.PoseEasingStyle.Linear
objs[95].Archivable=true
objs[96]=Instance.new("Pose")
objs[96].Parent=objs[92]
objs[96].Name="Left Leg"
objs[96].CFrame=CFrame.new(-0.9223660230636597,0.32463186979293823,0.08556056022644043,0.7305603623390198,-0.6549769043922424,0.1930980533361435,0.6248428225517273,0.7552719116210938,0.1978280246257782,-0.2754143476486206,-0.023869356140494347,0.9610292911529541)
objs[96].Weight=1
